Base 30-Dec-2016,AMBUJACEM,,,BAJAJ-AUTO,,,BANKBARODA,,
Maturity,Strike Price,Call Price,Put Price,Strike Price,Call Price,Put Price,Strike Price,Call Price,Put Price
25-Jan-2017,180,66.5,0.4,2000,641.4,0,130,24.45,0.65
23-Feb-2017,180,32.35,8.25,2000,651.75,0.15,130,26.3,1.65
30-Mar-2017,180,32.1,3.55,2000,664.9,1,130,28.5,3.05
25-Jan-2017,200,9.7,3.5,2500,163.1,25,150,7.95,4.8
23-Feb-2017,200,21,16.6,2500,196.75,98.4,150,12.4,7.5
30-Mar-2017,200,18.4,10.1,2500,230.75,58.95,150,15.55,9.75
25-Jan-2017,220,1.65,15.45,3000,2.2,356.25,170,1.4,17.75
23-Feb-2017,220,12.9,28.25,3000,14.15,384.7,170,4.6,19.55
30-Mar-2017,220,9.25,21.15,3000,33.8,354.05,170,7.45,21.35
