Index,airtel,coal,gail,infosys,maruti,sbi,cipla,hul,itc,reddy
15518,305.35,300,437.95,1010.7,5323,249.75,568.2,826.3,240.95,3058.5
15939,303.1,298.25,424.9,994.1,5312.3,247.55,564.3,817.45,235.5,3066
15883,300.2,295.3,424.05,999.15,5230.9,247.25,562.65,810.65,235.35,3070.5
15857,299.4,289.35,424.6,999.25,5226.9,248.7,562.9,806.4,234.1,3035.7
15868,296.25,285.05,428.05,983,5164.9,244.1,553.95,800.85,225.05,2987.1
15849,295.5,288.1,431.6,989.3,5193.2,249.25,582.75,790.95,224.8,3003.2
15815,293.15,288.15,424.9,985.2,5084.2,249.75,560.2,789.1,227.25,3017.9
16165,302.15,292,429.95,1003.7,5144.6,255.15,562.85,796.55,226.1,3042.8
16176,302.25,290.55,428.65,1010.4,5102.4,254.55,562,801.1,229.4,3046.2
16038,305.1,287.7,424.8,1002.2,5120.1,261.4,568.45,811,227.1,3074.4
16155,309.95,288.2,415.1,1004.2,5183.8,264.75,566,817.3,226.55,3107.4
16189,318.45,290.25,417.1,993.25,5151.8,265,561.6,817.2,229.8,3115.4
16466,322.45,292.25,419.1,999.05,5142.1,262.7,568.45,822.05,233.1,3143.3
16451,329.85,305.75,424.1,990.05,5160.9,265.5,578.2,829.75,235.3,3164.9
16644,327.85,305.5,428.75,977.5,5145.9,263.4,574.35,833.15,232.55,3148.2
16739,331,307.2,429.05,987.35,5235.8,266,579.3,844.8,235.8,3186.4
16752,331.7,312.2,429.6,984.75,5241,259.75,581.8,842.1,233,3200.2
16996,328.9,305.9,427.45,966.6,5118.2,255.35,570.4,834.8,227.55,3185.4
17077,329.05,306.45,430.4,966.95,5141.7,259.15,574.95,837.75,230.25,3189.1
17234,327.45,305.8,427.15,961.4,5204.3,256.7,573.2,845.8,232.45,3171.2
16863,318.75,306.1,431.85,964.1,5068.4,254.4,571.4,833,228.4,3179.8
17194,319.1,306.45,439.45,976.05,5249.2,255.75,568.15,846.1,233.35,3240.4
17301,324.5,308.2,424.8,975.45,5263.4,258.4,566.55,844.3,232.9,3198.8
17432,324.2,308.5,427.95,972.65,5090.9,252.95,569.1,834,231.2,3190.9
17605,317.5,304.75,417.4,979.65,4897.1,253.6,570.55,837.25,233.5,3175.8
17707,300.85,304.1,417.1,977.3,4873.6,260.95,563.35,833,228.75,3169.2
17622,301.5,301.25,403.3,932.7,4838.6,261.7,553.65,826.9,223.6,3107.4
17707,300.35,303.8,412.3,920.5,4881.6,258.75,552.2,830.5,224.55,3127.8
17831,304.05,303.5,414.9,913.95,4930.5,257.4,549.75,819.8,226.2,3120.7
17749,299.5,301.15,420.15,911.15,4788.4,257.75,544.95,799.65,224.35,3134.8
17773,303,306.9,427.35,919.8,4960.2,275.7,549.75,803.85,227.9,3212
17849,296.35,306.1,435,929.55,4932.9,277.65,544.7,812.15,232.35,3206.9
18202,309.55,312.6,428.5,940.1,4983.4,277.15,538.65,806.55,230.7,3212.9
18154,302.9,314.55,435.95,924.75,4842.7,278.1,552.75,805.2,237.7,3308.7
18289,301.75,324.1,438.6,921.85,5136.1,272.9,549.7,800.9,243,3260.7
18429,308.2,333.5,449.3,938.6,5324.8,281.6,564.25,821.65,250.8,3274.1
18145,301.05,317.9,445.15,955.85,5396.7,259.75,528.1,827.5,248.65,3271.7
18078,305,316.95,438.85,982.8,5661.9,252.6,536.25,842.7,255.75,3114.8
17924,305.3,318.75,426.3,978.75,5720.7,252.7,545.75,838.15,256.7,3098.7
17446,306.8,315.5,424.3,970.8,5714.6,242.85,544.5,847.4,249.1,3077.2
17731,309.55,326.75,428.25,966.9,5806.6,245.65,559.05,839.75,240.35,3262
17753,309.5,327.7,428.8,981.1,5798.6,251.3,558.8,841.45,237.3,3258.4
17584,316.7,329.85,432.4,988.85,5878.5,258.4,571.05,835.25,239.85,3325.6
17637,318.5,326,432.05,1002.5,5898.9,257.85,577.35,840.25,241.9,3324.9
17637,318.65,324.4,433.1,997.45,5875.3,257.85,574.45,838.2,242.55,3360.2
17363,323.05,317,435.15,1006.1,5859.8,255.05,584.6,840.6,243.3,3318.9
17173,318.05,319.4,432.45,1014.9,5871.9,259.05,577.3,842.8,238.9,3243.3
17146,311.05,319.75,434.9,1017.4,5781.9,261.3,585.3,832.05,238.75,3200.4
17503,306.5,321,443.85,1029,5712.1,262.85,585.05,849.05,241.2,3089.6
17588,309.4,313.3,440.45,1038.1,5649.8,258.4,582.75,851.1,239.85,3108.8
17814,309.3,312.75,438.2,1037,5644.5,259.95,595.05,840.55,239.3,3075.7
17919,307.3,312.5,435.8,1041.6,5607.7,254.8,594.9,846,239.8,3068.2
17676,306.4,312.55,429.45,1038.2,5626.1,256.9,591.2,854.55,245.8,3044.3
17466,301.25,311.05,427.6,1022,5599.9,253.1,584.45,849.4,240.45,3027.6
17273,305.85,313.05,430.35,1027.4,5681.4,251.9,586.55,841.95,239.8,3029.2
17316,306.55,315.75,413.6,1052,5724.2,249.7,581.85,861.95,239.15,3049.6
17602,316.1,319.3,418.6,1029.5,5712.4,256,580.55,876.05,240.15,3078.7
17196,320.15,319.15,414.2,1012.6,5682.4,258.25,569.7,878.35,239.15,3054.3
17362,322.85,318.6,414.6,1026.7,5711.6,256.85,579.15,883.7,238,3077.7
17053,322.1,321.75,400.65,1041.2,5691.8,260.55,592.8,871.3,240.3,3121.2
17257,322.1,321.1,402.25,1048.8,5679.9,260.55,595.35,859.95,241.45,3152.2
17122,323.45,327.85,384.75,1037.8,5681.9,259.25,588.65,868.8,242.1,3161.7
17059,318.75,322.55,374.05,1038.1,5479.2,255.2,580.25,867.8,241.55,3108.7
17404,314.05,327.3,362.95,1029.9,5435.8,250.7,600.9,877.6,245.55,3137.1
17478,315.5,328.7,374.9,1038.6,5520.7,247.15,605.3,887.2,247.05,3204.9
17597,322.45,332,373.2,1040.5,5511.1,253.5,607.45,895.9,245.8,3189.8
17486,314,332.65,377.3,1035.7,5566.5,248.95,604.2,892.65,248.2,3191.4
17222,320.45,328.75,386.5,1043,5602.2,251.65,611.15,910.3,253.85,3181.1
17244,327.45,327.7,389.75,1058.5,5594.8,254.4,608.95,910.2,255.2,3147.9
17199,327.2,330.25,386.9,1056.7,5501.9,257.35,600.2,912.2,253.8,3152.5
17333,321.9,329.4,385.4,1050.3,5512.9,251.35,601.9,903.15,257.05,3158.7
17095,319.8,328.8,388.6,1061.2,5483.6,254.25,597.7,912.5,258.15,3156.6
17151,324.05,325,388.3,1060.3,5565.9,255.65,592.35,912.15,260.4,3151.2
17358,323.5,323.55,385.15,1041.3,5443.4,254.4,584.45,914.2,255.1,3141.6
17392,321.8,324.2,387.25,1047.1,5364.4,255.8,576.65,908.6,252,3162.8
17504,319.3,330.7,385.45,1054,5328.7,257.6,568.9,918.3,252.25,3138.4
17374,318,332.15,394.9,1036,5401,252.7,581.5,930.15,258.7,3192.8
17097,321.95,332.15,388.9,1037.9,5482.4,264,592.25,951.5,265.3,3186.2
17207,323.35,330.85,396.5,1055,5338,267.95,580.75,931.7,261.7,3140.9
17151,320.6,328.8,402.4,1045.1,5307.8,266.55,578.15,936.95,262.35,3127.6
17131,321.65,332.5,394.35,1031,5158.5,259.45,577.8,919.85,262.45,3122.7
17134,318.95,338.05,392,1037.7,5058.2,254.35,577.55,926.6,260.6,3098.1
17187,310.7,333.65,384.1,1036.8,5052.6,251.75,572.6,916.65,260.05,3089.4
17319,331.85,334.9,385.9,1041,5068.9,252.55,576.6,924.5,257.35,3091.1
17302,332.1,333.85,377.85,1022.2,4929.4,252.2,567.2,904.85,252.85,3048.4
17151,341.75,333.45,379.2,1020.8,4920.7,248.75,567.45,902.6,253.75,3039.9
16831,344.1,331.95,373.2,1036.5,4934.6,246.7,563.05,910.35,253.3,3049.6
16913,346.15,333.95,365.75,1057.5,4949.1,250.05,565.9,919.45,250.2,3039.1
16546,352.6,336.6,367.05,1039.2,4833.2,254.65,554.95,921.95,251.3,3007.9
16480,353.55,335.15,364.05,1015.4,4838.1,254.6,557.45,929.65,254.05,3013.7
16420,350.2,334.2,363.7,1021.1,4899.4,254.95,555.55,912,251.05,3011.2
16293,350.85,338.8,365.6,1024.3,4917.1,258.5,551.6,906.5,252.2,3027.5
16216,352.4,347.8,369.6,1033.4,4890.8,248.2,549.95,913.65,253.05,3000.8
16328,345.25,338,372.2,1051,4862.2,246.25,553.55,921.65,255.1,3008.2
16030,343.55,337.95,373.15,1063.3,4896.6,246.45,516.65,930.65,253.55,3004.9
16070,347.85,338,371.15,1077.1,4883.2,243.2,523.25,933.3,251.15,3012.6
16153,346.2,338,375.15,1080,4866.8,226.95,522.1,924.55,246.65,2998.9
16183,345.8,336.95,379.05,1081.5,4968.2,231.5,532.65,933,249.2,3038.8
16026,348.85,332.05,381.9,1078.8,4991.9,234.6,535,929.3,250,3035.2
15948,351.9,329.4,382.55,1067.4,4948.4,233.05,532.1,923.8,251.45,3001.9
16222,363.2,323.75,373.7,1072.2,4887.7,232.8,526.2,915.95,251.95,2963.9
16218,365.25,326.2,372,1085,4875.4,225.55,529.4,914.95,252.75,2941.9
16417,357.45,323.35,376,1084.3,4991,226.55,518.6,928.6,260.2,2977.4
16439,358,326.3,380,1085,4869.8,227.85,525.1,923.6,250.85,2984.8
16312,363.6,328,382.2,1074,4755.2,227.45,528.15,921.5,252.45,2937.2
16219,362.05,330,383.75,1079.2,4762.7,229.05,520.5,908.15,253.9,2960.7
15965,372.1,326.45,384.8,1087.5,4558.9,230.95,523.5,903.55,247.75,2988.4
15988,372.55,328.3,385.45,1088.8,4485.2,228.65,523.05,902.75,251.55,3322.8
16021,369.6,332.9,390.95,1080.5,4550.6,226.5,524.6,906.8,251.3,3474.8
16454,370.3,330.5,395.05,1072.7,4413.4,229.85,519.7,902.9,249.55,3605.3
16649,367.55,333.25,391.05,1080.3,4416,223.45,515.4,910.15,250.65,3617.1
16719,366.9,329.25,394.85,1083,4468.1,225.6,517.8,906.9,250.8,3679.3
16668,363.85,318.95,385.3,1086.3,4486.4,230.9,505.7,895.15,248.5,3581.3
16863,364.3,321.55,386.55,1081.7,4459.5,229.7,508.1,920.45,248.95,3569.5
16881,363.45,319.65,392.05,1072.2,4463.8,228.6,516.15,939.6,248.9,3583.1
16678,378.5,324.45,395.8,1175.8,4425.6,231.5,510.9,932.25,248.85,3577.6
16950,366.35,323.2,390.15,1193.2,4320.1,231.75,515.25,925.3,247,3607.8
16706,363.1,316.85,378.45,1176,4370.1,227.2,516.2,922.9,248.05,3591.3
16860,363.05,320.5,378.6,1174.8,4273,226.45,521.35,928.2,249.4,3616.1
16897,359.75,311.65,375.45,1158.8,4155.1,224.6,519.75,920.2,245.85,3555.5
17033,355,315.45,384.55,1157.2,4140.9,218.4,513.25,917.35,246.5,3525.2
16973,363.3,321.75,386.9,1175.5,4170.1,220.5,506.55,890.35,243.2,3447.7
16882,365.8,317.45,396.6,1184.2,4170.5,223,509.25,891.75,244.85,3435.1
16907,373.05,310.1,395.25,1172.1,4165.8,222.85,507.9,898.1,252.35,3477.2
16968,368.75,313.15,385.2,1170.8,4185.1,219.65,501.45,898.6,368.1,3383.5
16991,366.15,311.45,383.75,1176.5,4129.2,218.65,501.3,883.05,366.2,3272.9
17430,356.65,313.15,377.9,1161,4073.8,217.2,496.85,887.75,368.35,3265.8
17399,357.3,308.75,380.3,1166.2,4030.7,216.3,489,859.8,359.05,3240.7
17426,351.05,311.65,376.65,1194.5,4069.2,217.1,476.5,859,353.4,3150.3
17463,354.5,317.45,375.4,1211.5,4162.6,211.25,476.1,869.4,360.25,3170.7
17539,364.2,316.65,374.9,1198.5,4149.4,217.4,483.5,859.6,354.55,3103.1
17521,362.95,312.75,382.1,1205.9,4157.9,212.8,482.85,872.1,358.55,3049.5
17392,362.2,311.9,385.1,1208.6,4134.1,213.9,486.65,879.8,358.3,3057.9
17618,364.95,313.35,386.45,1178.3,4109.9,215.8,485.55,880.95,359.55,3005.4
17489,355.7,307.2,382.35,1186.2,4084,213.4,485.1,879.75,354.75,3046.8
17233,346.25,309.55,378.25,1189.2,4207.1,215.7,489.35,874.85,359.65,3085.1
17214,351.8,308.65,372.55,1175.2,4104.6,215.65,482.2,866.75,353.3,3095.9
17103,342.15,308.3,370.9,1182.5,4135.5,207.55,469.2,874.15,349.95,3086.2
17105,342.4,307.15,369.1,1180.8,4117.6,202.2,476.25,874.45,351.55,3064.6
17185,351.25,313.35,375.3,1185.5,4169,206.2,479.9,876.85,354.35,3071.4
17279,350.9,306.8,373.95,1238.3,4160.4,210,472.75,897.35,362.65,3132.6
17158,352.4,307.6,374.45,1257.2,4143.2,210.4,468.75,896.95,362.8,3157.8
16877,349.15,305.85,374.7,1267.1,4135.1,209.8,467.65,879.05,355.8,3151.8
16918,348.8,308.95,370.1,1266.5,4220.1,199.05,465.1,884.9,354.6,3159.4
16846,358.2,306.4,375.6,1260.2,4183.9,196.5,469.25,868.7,357.8,3176.7
16640,365.95,296.9,371.5,1256.5,4161.6,200.55,465.35,854.85,360.75,3182.9
16839,362.8,291.65,370.85,1249.8,4167.9,197.9,472.4,849.9,351.6,3184.4
17144,351.65,292.05,379.6,1263.5,4073.2,204.85,473.65,854.75,356.6,3170.1
17236,356.4,281.35,379.4,1246.4,4141.4,198.65,473.65,861.55,359.45,3112.6
17257,353,281,380,1231.7,4117.1,195.55,467.6,851.5,362.3,3090.3
17224,352.85,281,381.3,1208.8,4053.6,183.75,470.3,838.85,356.4,3052.9
17198,351.45,280.05,371.05,1188.2,3917.5,175.15,494.9,823.05,348.6,3025.2
17413,345.25,280.6,371.6,1190.8,3911.6,169.55,497.4,819.55,347.4,3030.7
17602,345.9,279.3,371.05,1201.8,3947.1,168.95,507.25,812.65,329.95,3035
17601,342.85,280.1,371.9,1205.3,3926.8,171.45,512.6,815.25,324.9,3021.3
17561,344.9,284.1,381.45,1209.8,3914.2,172.9,524.3,825.15,332.85,3028.7
17558,351.15,283.9,383.8,1214,3949.2,180.2,524.65,833.25,330.35,3014.8
17633,351.5,282.85,377.65,1214,3880.3,177.05,523.45,846.45,329.3,3004.2
17728,353.55,281.5,379.45,1206.7,3844.6,177.2,531.25,831.1,319.3,2912.1
17657,354.95,283.95,387.8,1210.2,3862.9,185,534.7,853.15,319,2973.8
17691,362.3,283.75,386.75,1201,3889.8,188.4,535.85,862.7,318,2869.2
17885,359.45,285.2,390.6,1212.5,3846.9,184.95,536.9,862.45,323.3,2928.3
17847,368.85,285.35,385.75,1199.2,3856.2,189.3,536.6,846.1,324.75,2842
17850,366.6,281.95,384.15,1181.5,3819.5,188.65,536.75,852.95,317.2,2868.2
17783,358.6,281.9,365.9,1192.5,3840.1,184.4,541.2,851.15,317.55,2931.1
17679,355.2,279.85,364.75,1189.5,3809.2,180.45,533.35,853.6,312.8,2932.8
17632,360.8,279.85,363.15,1180.8,3816.9,180.1,536.3,850.5,316.9,2968.2
17491,367,288.7,367.1,1200.7,3829.6,184.2,538.3,864.35,320.9,3012.1
17542,357.85,287.1,360.3,1210.8,3794.9,186.4,537,866.65,324.8,3094.3
17430,363.8,285.55,363.75,1211.5,3748.4,188.95,527.05,876.6,323.3,3086.4
17384,372.3,290.65,373.15,1240,3862,192.15,538.5,893,333.3,3130.1
17441,373.15,288.3,363.55,1233,3869.4,196.5,540.35,885.85,327.7,3119.8
17313,360.4,287.95,360.7,1217,3734.3,200.85,525.9,883.5,321,3119.6
17346,358.85,287.75,366.25,1213.8,3817.3,197.3,531.5,884.3,325.7,3136.1
17684,353.1,286.7,367.9,1226.4,3703.6,199.9,531.95,902.75,329.6,3132.2
17750,356.75,278.65,367.05,1243.2,3669.6,194.2,527.25,902.6,335,3110.6
17767,356.5,275.8,359.45,1238.8,3718.2,187.3,524.15,896.7,335.35,3091.5
17853,358.55,276.95,368.55,1172,3734.6,186.85,511.75,895.5,330.95,3100.6
18000,351.8,274.45,366.55,1182.3,3576.7,191.75,503,870.7,322.65,3082.8
18021,349.55,280.85,351.6,1184.4,3478.6,187.7,502.6,863.3,326.5,3028.6
18464,348.35,280.5,348.1,1167.3,3428.8,188.15,505.55,850,321.35,3035.8
18542,334.3,281.1,341.2,1181.7,3471.3,183.1,507.6,860.6,319.6,3031.4
18496,331.7,275.75,341.15,1201.1,3571.7,182.1,506,871.6,326.1,2999.9
18349,334.65,276.1,340.3,1218.6,3546.4,183.95,504,868.25,326.5,2996
18753,330.35,285.4,348,1243.5,3681.3,184.5,513.9,872,330.95,3015.1
18673,347.85,287.8,347.65,1205.9,3723.2,195,513.45,866.4,336,2979.9
18694,335.25,292,356.35,1218,3719.1,195.7,512.2,869.5,328.05,3034.9
18632,350.9,296.45,359.75,1205.8,3728,194.3,512.1,862.65,326.7,3013.2
18580,353.9,294.7,347.3,1199,3730.8,197.55,504.35,861.5,320.2,2945.2
18763,354.6,293.55,357.6,1204.7,3638.2,189.5,524.45,864.2,322.25,3035.6
18824,350.15,297.6,356.1,1207.8,3735.7,188.45,532.5,872.6,324.4,3047.2
18870,358.55,294.5,361.75,1189.9,3699.4,196.8,536.5,871.35,323.7,3062.6
19058,351.3,296.8,362.05,1195,3670.1,197.4,535.95,880.35,330.4,3182.9
18938,353.55,297.65,364.15,1190.2,3629.6,196.65,528.35,846.05,325,3170.4
18709,344.65,294.35,353.1,1160.2,3633.1,191.05,524.45,849.3,324,3121.7
18793,341.55,295.6,339.4,1152,3666.3,186.15,532.65,843.6,322.1,3155.4
18631,339.65,295.65,340.25,1134.3,3653.9,185.1,524.7,842,316.85,3138.7
18805,343.65,296.85,343,1141,3649.3,185.25,538.05,854.85,324.3,3234.3
18675,340.9,319.05,339.8,1142.5,3638.7,181.9,534.7,849.15,321.1,3211.9
18714,337.85,322.2,341.35,1146,3627.2,180.35,534.45,837.55,316.05,3184.2
18578,335.95,322.5,350.1,1178.5,3577.4,180.65,529.95,840.65,319.95,3218.8
18611,335.1,324.55,348.45,1163.5,3461.6,183.45,531.5,827.55,321.25,3217.6
18792,331.8,325.2,340,1170.5,3564.8,183.65,539.1,848.6,316,3243.8
18682,330.1,314.8,342.1,1169.2,3611.2,188.4,528.2,848.35,317.5,3188.3
18793,333.45,311.45,323.5,1156.2,3611.7,182.5,525.15,847.4,319.9,3014.4
18710,326.65,317.7,319.9,1124.5,3495.5,180.85,517.5,825,325.1,3028
18759,320.8,311.2,304.55,1083.8,3242.6,162.2,515,829.8,295.8,3031.2
18625,316.75,311.35,303.6,1121,3409.1,158.4,523.75,850.6,291,2992.9
18636,318.5,299.5,304.95,1111.2,3423.5,156.25,518.25,841.15,286.2,2993.2
18431,323.25,295.6,314.25,1125.4,3489.8,151.9,513.8,836.85,287.2,3013.4
18505,324,301.15,317.3,1124,3492.5,156.7,522.6,836.5,294.3,3077.9
18562,321,313.9,321.8,1125.3,3523.3,158.45,530.5,858.85,299.6,3100.9
18755,329.3,312.55,326,1125.5,3581.1,164.95,523.05,825.65,304.85,3062.1
18763,326.3,317.3,323.65,1122.7,3654.9,164.65,525.35,826.6,304.95,3094.9
18817,321.2,312.95,324.4,1095.5,3749.8,159.55,519.7,812.2,299.65,2961.1
18902,319.5,318.4,322.3,1081,3706.1,159.15,524.05,804.3,295.45,2860.3
18846,315.1,323.85,334.9,1091.3,3711.7,156.4,540.2,805,303.7,2855.9
18684,318.65,303.5,325.7,1083.5,3549.4,167.25,528.6,810.95,300.25,2846.4
18670,325.25,305.05,332.3,1081.2,3541.2,154.95,541,798.8,298.7,2887
18619,308.6,314.05,345.6,1110.2,3683,154.2,538.85,824.7,308.85,2886.8
18471,310.8,309.2,348.6,1109.3,3656.6,158.95,556.5,826.6,312.65,2959.7
18309,311.95,323.35,343.5,1149.1,3734,167,567,829.95,315.1,3070.7
18339,311,326.2,341.5,1175,3723.2,172.05,569.95,844.95,323.9,3109.1
18329,307.1,321.45,354.6,1179.9,3793.8,168.2,550.25,834.6,321.65,3007.3
18460,304.5,317.2,358.45,1158.2,3828.7,163.05,561.35,821.45,321.45,3007.8
18517,299.75,319,361.7,1174.8,3876.1,166.05,574,800.2,324.45,3045.4
18507,302.2,328.6,366.75,1171.3,3946.8,169.45,597.8,800.9,324.7,3050
18537,296.5,320.05,367.1,1164.8,4097.4,172.9,585.7,816.9,319.5,3103.6
18842,289.7,305.6,361.05,1131.3,4093.6,179.95,578,790.9,318.6,3007.1
19171,291.3,303.7,358.25,1138.3,4108.8,185.35,580.5,767.75,312.5,2967.7
19340,297.9,304.5,356.1,1137.7,4085.7,184.3,581.5,781.65,309.55,2898.8
19305,297.75,299.95,367.45,1135.9,4107.4,182.9,583.35,772.65,308.65,2883.2
19348,298.85,288.3,340.25,1136.5,3892.1,184.3,581.65,776.85,306.55,2757.6
19392,309.4,297.95,339.5,1121.7,4058.9,175.85,593.5,796.5,309.05,2868.3
19487,309.4,308.6,342.1,1139.1,4201.9,173.7,597.1,811.35,314.1,2916.3
19424,310.15,311.45,338.45,1132,4227.6,183.1,590.85,810.6,315.5,2876.9
19410,300.35,318.2,336.15,1140.2,4273.3,181.1,607.4,804.15,313.75,2936.7
19387,306.3,318.7,357.65,1128.7,4249.6,184.75,613.9,826.45,317.2,2915.2
19355,309,317.8,363.55,1082.3,4293.4,195.8,608.7,831.05,316,2891
19229,308.7,316.3,366.25,1050,4269.6,200.95,611.65,819.5,315.45,2923.7
19317,315.15,316.85,368.9,1057.1,4279.4,199.85,610.25,812.45,316,2942.5
19244,321.3,321.05,373.15,1062.7,4215.6,204.3,622.45,811.8,313.35,3010.6
19365,323.95,326.55,370.2,1051.2,4266.6,208.95,639.15,819.7,309.6,2990.6
19476,321.45,327.5,372.15,1069.5,4479.6,209.55,652.4,841.4,315.1,3047.3
19454,321.85,326.05,372.85,1074.8,4568.4,217,641.15,847.8,324.7,3066.7
19242,324.05,330.5,359.9,1080.6,4583.4,218.25,645.55,857.15,324.85,3056.9
19255,326.6,333.9,369.8,1103.2,4635.1,220.95,654.7,856.55,327.3,3105.8
19417,340.55,328.7,375.4,1104.5,4615.4,227.65,649.5,862.35,327.6,3103.2
19324,339.9,322.05,367.4,1086,4588.4,224.4,652.85,859.45,326.55,3121.4
19445,333.25,321.4,366,1103.8,4638.6,225.8,653.15,858.25,324.95,3102.3
19427,334.45,325.15,361.9,1101.7,4635.4,228.5,655.15,865.9,326.05,3116.3
19581,331.15,322.4,362.25,1095.8,4594.4,228.85,648.25,863.25,323.2,3010.4
19714,338.4,321.8,358.25,1098,4635.2,228.65,647.35,861.35,321.5,3019.9
19765,332.15,319.15,338.55,1083.6,4617.8,229.9,644.2,851.5,320.45,3001.6
19784,323.2,319.75,336.7,1102,4639.6,228.3,643.1,852.1,325.75,3009.1
19691,320.8,316.55,340,1086,4620.2,230.35,642.15,859.1,317.25,2974.8
19743,319.15,316.15,343.1,1107,4666,226.65,643.1,864.1,320.45,3018.6
19667,322.2,316.35,344.05,1095.4,4618.9,231,638.3,853.75,319.5,3001.4
19664,320.2,314.1,339.5,1076.9,4620.6,227.3,637.65,856.3,322.6,2991.7
19664,308.4,315.7,340.2,1069.5,4569.8,226.1,639.2,837.2,319.65,3004.8
19906,306.15,307.65,338.6,1052.3,4481.4,226.5,639.4,820.95,320.9,2964.9
19987,309.35,310.9,343.1,1046.4,4496.7,227.1,635.2,816.05,321.3,2994.6
19818,312.55,307.65,336.85,1029.3,4477.4,231.95,623.4,820.2,317.45,2997.3
19964,310.9,317.95,339.5,1045,4543.2,234.35,642.25,825.6,315.2,3070.8
20039,317.7,327.55,357.55,1045.8,4564.4,235.9,645,831.75,313.55,3180.4
20102,320.5,335.05,356.05,1047.8,4606.2,239.15,645.65,815.35,335.6,3195
19982,321.25,334.5,357.7,1056,4627.8,240.95,650.55,817.2,343.1,3223.5
20027,319.7,338.15,360.4,1060.2,4619.9,241.15,657.25,829.35,349.95,3251.9
19924,322.95,341.5,358.7,1076.7,4552.9,244.75,648.5,833.25,346.15,3212.8
20104,322.7,330.7,365.25,1088.5,4576.7,249.3,644,809.45,343.2,3109.9
20103,334.5,336.25,367.55,1066.3,4580.1,250.45,642.6,817.5,343.95,3099.1
19991,341.65,335.9,367.7,1053.2,4611.4,249.55,634.35,813.1,342.6,3110.3
20005,342,332.35,355.85,1041,4640.4,242.75,637,811.4,336,3388.6
19895,341.25,332.6,358.45,1053.5,4737.1,241.5,640.45,792.25,337.4,3400.9
19781,338.65,333.35,348.8,1052.9,4738.4,242.9,645.95,798,344.4,3349.1
19751,340.15,333.75,316.9,1047.3,4652.9,243,635.15,794.5,352.05,3286.8
19660,339.2,334.95,309.45,1019.9,4535.2,243.85,629.85,792.5,347.55,3375.6
19640,334.2,332.2,306.55,1061.1,4630.1,241.05,634,797.1,348.15,3440
19580,334.65,331.1,294.65,1080.2,4649.8,248,626.2,784.75,338.3,3500.5
19485,335.9,337.65,281.65,1100.5,4623.8,247.95,618.6,797.05,329.45,3384.4
19461,334.05,329.1,281.05,1109.2,4746.5,240.2,642.8,805.85,335,3354.9
19561,331.1,326.4,281.15,1106.4,4715.4,243.25,640.85,803.45,336.55,3336.3
19608,332,339.15,283.9,1134,4637.6,241.3,647.25,800.55,342.25,3504.6
19497,334.85,341.65,288.65,1138,4522.9,246.1,657.95,798.85,336.9,3629.6
19468,339,337.3,295.2,1122.5,4524.4,243.25,658.5,803.75,337.55,4252.6
19501,335.9,330.25,301.55,1137,4514.8,234.2,670.9,802.55,335.55,4314.4
19636,345.65,325.7,307.45,1143,4480.5,238.45,675.3,803.85,334.65,4325.4
19643,346.85,325,310,1131.5,4495.4,236.2,679.3,801.25,337.25,4287.2
19325,350.4,319.9,308.7,1136,4448.6,236.9,689.85,801.85,334.7,4269.5
19317,348.75,322.15,313.25,1142.7,4442.9,237.2,691.1,801.55,349.75,4214.1
19332,354.95,329.75,317.6,1151.3,4495.6,237.1,695.55,817.4,354.75,4107.5
19015,358,332.15,320.75,1148.5,4494.6,242,684.35,811.4,355.8,4182.3
19152,352.3,333.2,328.1,1151.4,4387.8,248.65,681,807.05,356.4,4200.9
18862,351.9,341.4,326,1148.5,4381.4,251.15,681.35,800.05,358.3,4184.8
18919,358.75,337.05,319.25,1137.6,4473.1,252.85,676.9,790.85,348.5,4172.9
18878,371.45,334.9,326.1,1125.3,4510.6,249.7,672.45,787.35,347.9,4315.3
19143,361.7,338,325.5,1112.2,4460.4,254.45,687.1,793.65,350.9,4336.7
19253,363.7,338.45,324.85,1093.8,4449.9,254.5,679.1,784.65,348.85,4264
19414,349.85,341.8,323.4,1097,4379.9,254.9,672.6,790.7,349.65,4208.9
19683,351.45,334.65,316.55,1097.5,4251.9,248.95,678.25,797.4,344.35,4195.9
19646,346.55,340.5,315.15,1098.7,4275.4,244.25,678.3,812.4,344.05,4225.1
19565,345.45,334.5,319,1122.5,4232.2,243.4,676.35,814.8,340.7,4190.8
19363,349.45,335.65,311.25,1167.8,4272.8,244.5,688.15,817.2,343.25,4249.1
19570,347.7,346.2,305.25,1132.5,4354.1,243.2,678,821.35,339.15,4216.4
19428,343.3,346.4,313.15,1133.2,4371.4,243.35,680.15,823.75,346.3,4196.2
19293,343.3,342.75,307.95,1154.8,4357.3,243.35,663.55,828.05,342.9,4243.9
19008,349.1,329.5,298.5,1180.5,4415.4,240.25,641.95,810.1,329.05,4182.2
18884,347,328.2,294.25,1173.2,4579.9,239.85,635.2,814.55,328.8,4230.1
18793,339.75,326.5,302.1,1160.5,4689.3,235.4,637.8,813.3,328.9,4155.4
18736,338,314.6,290.75,1121.1,4674.8,237.25,636.4,785.7,320.35,4075.1
18681,323.45,309.65,292.1,1108.2,4533.1,242,642.1,792.6,319,4191.9
18705,327.35,318.6,294.45,1141.4,4570.2,239.55,643.35,781.45,322.65,3971.7
18836,332.95,327.75,287.25,1116.7,4500.8,239.15,642.1,785.7,316.05,3941.6
18865,338.1,323.85,289.75,1105.5,4470.9,240.1,643.15,786.1,312.05,3928.6
19041,343.2,342.35,290.5,1104.7,4491.9,237.9,649.75,791.25,314.3,3957.3
18802,352.6,343.05,287.65,1104.8,4403.6,245.15,653.8,798.35,318.5,4001.7
18510,356.15,337.2,292.7,1101.5,4356.4,242.35,660.65,806.6,321.3,4006
18450,359.1,337.4,290.05,1098.4,4330.9,236.65,656.85,804.75,316.75,4011.2
18438,350.4,339.25,291.25,1097.8,4320.1,233.8,659.9,795.6,313.35,4037.5
18226,354.15,333.85,285.05,1090.7,4317.4,235.15,653,794.5,313.05,4005.2
18414,348,338.15,292.3,1080.3,4301.6,230.15,653.9,790.6,313.5,3973.2
18542,350.45,338.75,293.9,1088.5,4299.6,227.6,657.3,803.15,314.2,4038.1
18243,355.2,337.7,295.05,1059.3,4141.8,231.55,649.45,802.45,313,3978.8
18358,346.75,337.6,277.1,1059.6,4072.1,228.3,649.3,820.05,313.25,3949.4
18745,347.05,346.75,280.9,1073.8,4069.2,221.7,649.4,830.35,316.45,4056.2
18731,349.85,345.65,294.85,1100.7,4146.4,225.05,656.85,836.2,320.05,4207.4
19016,347.25,344.5,293.6,1100.3,4031.1,232.6,650.05,832.65,320,4202.6
19170,343.35,355.4,292.85,1089.7,4058.1,230.6,663.25,854.4,315.55,4253.4
19179,345.35,366.35,296.25,1095.2,4167.5,239.1,681.5,861.5,325.3,4310.1
19407,354.5,357.4,289.8,1110.7,4204.9,247.1,659.75,856.9,327.55,4178.7
19287,362.25,361,280.9,1084.1,4200.1,249.25,661.15,858,325.9,4131.6
19388,347.35,358.2,282.1,1065.3,4204.2,249.45,636.05,858.4,317.65,4058.1
19504,339.75,353.9,281.05,1086.5,4199.4,245.8,647.5,867,320.85,4111.4
19736,348.7,336.3,271.9,1092.7,4250.2,253.4,634.65,852.4,320.25,4045.5
19576,349.4,348.7,311.75,1150.6,4569.1,245.5,697.35,881.7,329.9,4241.5
19674,369.7,350.05,320.55,1138.2,4631.8,267.4,691.35,873.55,329,4297
19889,379.35,356.9,330.25,1175,4671.1,270.45,695.9,875.7,316.65,4231.9
19990,383.1,364.05,330.2,1163.8,4634.6,278.05,683.65,871.3,314.8,4188.1
19939,385.35,380,345.5,1141.8,4542.4,283.95,703.85,872.55,316.8,4173.1
20083,390.1,377.45,338.15,1149,4578.4,279.05,740.5,872.3,318.35,4258.1
20122,394.95,377.1,332.55,1156.8,4489.7,268.45,725.55,867.8,316.45,4290.3
19692,384.35,371.45,338.3,1141.8,4444.2,259.4,706.95,865.9,316.9,4276.7
19722,397.7,393.2,344.35,1104.3,4504.8,256.45,719.8,888.95,320.15,4231
20213,404.85,408.95,344.4,1082,4497.7,269.3,715.35,905.55,320.65,4258.3
20247,410.1,415.55,341.7,1095.6,4451.9,283.1,716.15,905.95,324.65,4258.7
20286,411.7,431.1,343.05,1089.5,4452,281.4,722.65,907.9,326.05,4270.1
20224,414.9,438.05,344.8,1086.5,4470.7,288.25,719,907.4,331.7,4194.9
20112,416.9,442.85,345.1,1059.8,4438.1,285.35,709.6,908.7,329,4166.1
20062,413.7,430.7,354.05,1079,4429.6,288.2,712.75,909.65,331.3,4146.9
19674,418.95,439.3,355.45,1078,4330.4,281.05,709.2,921.05,326.2,4065.7
19704,418.6,420.2,348.6,1069.1,4293.6,270.4,710.1,920.45,315.8,3907.6
20031,416.6,420.15,348.15,1085.2,4273.9,256.9,677.65,899.55,303.95,3713.2
20161,416.4,421.1,351.95,1063.5,4195.6,253.7,670.85,904.85,311.25,3746.7
20148,409.85,423.95,354.1,1065,4176.4,259.35,675.15,900.7,311.5,3856.4
20215,417.8,425.9,361.05,1089.3,4233.6,259.05,678.3,906.9,314.3,3906.8
19760,434.25,431.2,369.7,1098.8,4235.6,263.5,673.7,905.15,315.15,3910.3
19610,432.6,432.55,369.05,1102.6,4189.1,269.5,674.7,918.35,314.9,3848
19546,439.35,428.15,364.9,1112.7,4158.8,268.65,663.9,891.45,313.7,3852.1
19568,445.25,425.45,370.7,1001.9,4177.1,264.25,682.95,912.8,321.05,3926.2
19519,429.45,429.85,371.9,1002,4194.1,267.35,684.4,924.4,321.8,3879.9
19429,425.85,438.1,372.75,987.8,4180.4,271.05,679.45,936,317.9,3861.1
19441,424.5,436.2,374.15,982.65,4155,271.75,669.9,928.3,314,3809.9
19143,422.7,434.05,373.65,970.1,4048.7,268.3,665.1,927.45,311.85,3778.8
19041,421.8,420.05,373.35,950.05,4036.6,268.6,660.15,910.1,314.55,3758.8
18827,423.4,419.65,360.55,937,3936,273.55,648.5,900.95,309.95,3742.2
19178,419.45,417.05,367.8,937.7,3936.6,270.5,641.05,920.1,311,3731.4
19326,432.9,417.65,372.55,957.2,3951.6,267.75,646.3,927.6,313,3721.4
19223,429.35,428.6,384.3,982.05,3972.6,267.4,646.7,923.6,317.05,3732.6
19246,431.15,419.95,386,983.5,3990.6,272.7,652.55,926.85,318.25,3711.8
18719,433.4,417.15,385.4,989.95,4001.8,270.9,631.4,924.05,315.5,3581.3
18774,434.8,424.05,387.4,988.15,3998.2,268.85,626.55,921.15,314.9,3547.2
18541,433.55,425.1,390.5,997.7,4033.9,267.4,633.25,917.25,313.75,3567.7
18629,424.5,421.05,392.05,985.35,4022.7,267.6,616.3,916.45,315.05,3550.6
18552,419.9,408.35,397.15,990.25,3994.9,262.8,611.95,900.05,310.15,3520.9
18876,413.5,410.55,399.8,1006.1,4073.4,259.55,619.1,886.4,308.5,3522.3
19396,417.6,411.6,412.5,991.15,4030.8,265.05,610.9,883.85,312.6,3486.6
19577,427.5,412.1,398.8,995.1,4008,265,621.7,895.3,313.55,3433.4
19464,424.4,415.15,403.8,1001.1,4018.8,262.5,630.2,874.3,314.55,3435.2
19178,429.5,399.75,401.6,1024.4,3980.8,267.65,613.65,871.75,310.3,3423.6
19411,424.2,394.05,395.25,996.75,3942.8,265.85,607.05,857.8,305.15,3379.5
19496,433.95,394.5,399.15,1000.9,3854.1,260.15,606.9,861.85,301.25,3374.3
19325,426.55,397.75,400.05,995.8,3807.8,258.05,612.95,860.8,300.85,3340.2
19439,421.1,396.8,398.1,999.45,3794.5,255.1,590.2,834.55,298.7,3286.7
19294,414.1,394.3,398,991.1,3764.7,254.6,585.65,821.9,298,3320.3
19676,414.2,396.45,396.25,1976.7,3736.1,250.55,583.15,813.75,296.9,3317.2
19958,414.45,400.1,395.2,2001.8,3702.2,253.95,575.25,817.8,296.8,3316.5
20034,409.95,404.9,395.6,2026.2,3740,253.85,593.45,820.3,301.05,3360.9
19851,414.15,401.05,391.25,1992.5,3695.4,260.05,593.5,819.85,300.45,3329.2
19949,407.8,399.7,386,2000.2,3723,257.4,614.05,811.9,303.5,3408.8
20128,410.55,405.6,386.8,2012.1,3760.7,254.85,623.65,829.85,304.8,3417.8
20150,415.45,388.35,374,2028,3771.9,257.8,629.75,822.55,301.65,3421.9
20159,416.35,386.7,374.55,2023.1,3778.1,257.6,634.9,831.75,304.25,3424.8
20302,421.25,383.6,387.9,2008.8,3830.2,257.55,641,852.75,318.9,3474.4
20091,417.95,391.15,389.75,2045.7,3880.9,266.25,662.2,879.7,332,3539.6
19805,416.3,391.3,389.9,2022.4,3785.4,278.15,650.45,859.8,326.75,3532.8
19748,425.3,383.1,381.15,2014.3,3701.7,278.15,643.4,847.85,320.9,3523.1
19593,401.3,382.85,381.15,1969,3721.7,277.5,660.45,857.25,317.75,3585.6
19348,408.5,374.95,388.3,2009.3,3727,280.65,659.2,855.65,314.3,3546.6
19346,400.85,369.75,386.25,2018,3691.4,277.25,660,852.2,317.65,3584.9
19317,400,374.7,396.15,2041.8,3703.1,277.7,674.05,862.85,328.45,3639.1
19164,395.05,372.7,392.2,2043.3,3698.3,282.45,674.4,864.55,327.35,3620.4
19182,396.15,360.05,393.7,2044.7,3712.3,289.35,688.05,855,332.45,3612.9
18733,400,364.3,390.45,2018.2,3708.2,291.8,682.65,844.5,332.1,3637.5
18665,397.7,366,392.8,1991.8,3696.9,288.3,685.75,851.65,332.1,3613.2
18789,398,366.15,379.7,1959.8,3669.4,288.75,684,845.15,326.1,3491.6
18947,392.45,369.5,382.25,1934.5,3644.5,287.35,684.3,846.2,324.95,3510
19230,385.5,368.25,378.05,1956,3601.1,280.65,676.6,843.05,327.4,3492.9
19368,382.5,369.45,366.75,1949.6,3573.7,274.15,664,844.7,323.55,3465.6
18598,391.5,370.7,373.2,1992,3648.5,267.4,665.3,864.7,326.3,3362.2
18308,396.3,363.55,369.15,1958,3604.8,276.05,653.7,894.6,328.05,3349.3
18246,397.95,360.85,368.2,1942.8,3541.1,261.8,628.4,865.7,322.7,3281.8
17906,393.45,353.05,365.7,1922.5,3632.8,261.3,636.25,859.45,317.8,3355.2
18313,389.95,364.65,372.85,1966.8,3792.1,265.3,662.5,878.95,325.9,3402.9
18519,386.85,369.65,367.1,1994.3,3758.7,272.15,674,861.15,329.35,3396.4
18558,392.95,363,360.2,1942.4,3732.1,277.3,637.05,849.5,322.25,3308.2
17968,381.65,371.25,366.05,1961.6,3770.2,270.05,629.35,857.85,328.2,3376.9
17996,387.5,372.7,358.85,1961.3,3826.7,271.8,632.8,859.7,337.5,3412.4
18401,400.8,377.7,361.35,1986,3646.7,272.4,628.5,867.45,344.1,3380.9
18620,391.95,376.15,369.1,1996.2,3539.8,267.15,637.8,889.55,347.15,3485.8
18886,399.25,384.2,375.3,2122.6,3494.1,275.65,663.6,902.45,342.25,3524.3
18235,399.6,378.7,375.6,2138.4,3462.1,277.25,657.85,905.1,343.7,3565.1
18568,399.55,374.3,377.7,2144.4,3489.2,284.1,653.5,873.7,341.85,3462.1
18980,398.5,372.1,384.6,2133.2,3606.2,289.05,659.7,913.75,342,3562.1
19270,402.45,381.1,388.7,2181.9,3642.4,287.45,680.3,936.5,351.75,3651.2
19997,406.05,382.95,396.25,2191.1,3669.1,291.05,678.75,931.9,349.95,3681.4
19997,417.3,385.5,393.7,2213.2,3691.2,291.45,693.6,934.6,354.25,3753.7
19782,414.6,392.3,394.8,2239,3662.8,290,710.6,947.3,349.95,3790.9
19733,424.45,388.05,399.3,2233.3,3664.3,285.45,700.05,931.1,346.05,3800.2
19742,411.35,386.3,396.95,2211.4,3657.1,285.65,719.15,924.45,346.2,3739.6
19804,406.8,380,409.05,2200.8,3627,280.45,736.4,912.9,346.25,3755.8
19962,419.25,359.4,400.8,2161.2,3601,273.6,727.9,911,340.95,3678.4
20647,404.55,360.25,399.1,2177.2,3626.8,271.9,734.95,905.1,340.95,3679.3
20264,401,362.85,384.6,2172.2,3642.6,274.55,709.45,882.4,332.3,3526.6
19901,402,362.4,388.85,2216.6,3699.2,273.45,711.2,872.9,325.45,3487.4
19920,393.9,358.8,379.85,2229.8,3660.3,267,702.5,862.1,327.9,3426.4
19856,389.55,347.45,379.2,2201.9,3612.2,267.9,693.85,851.1,317.1,3414.8
19894,376.2,352.65,381.8,2144.4,3566.2,263.55,701.15,865.5,322.65,3449.2
19727,398.7,362.3,380.1,2217.7,3615.4,256.9,710.1,885.85,326.4,3513.9
19380,394.85,370.1,390,2212.1,3592.9,265.35,709.9,887.65,326.4,3512.9
19517,394.3,368.9,383.8,2232.4,3591.4,270.4,701.25,902,327,3453.2
19902,383.35,368.1,377.15,2258.9,3621.7,274.7,700,897.5,327.6,3428.9
19916,380.35,365.35,390.05,2229.9,3657.3,278.35,709.55,921.8,333.05,3422.7
19895,381.6,364.35,381.7,2230.2,3664.4,281.55,712,922.2,336.6,3426.9
19984,382.1,361.65,379.85,2241.9,3662.5,286.6,710.05,931.9,339.95,3435.3
20249,386.8,364.5,381.25,2267,3647.7,282.8,695.35,932.3,335.5,3313.9
20273,389.15,364.7,387.2,2216.4,3650.6,281.65,704.15,942.1,339.1,3373.6
20529,400.35,364.75,392.85,2217.8,3684.8,280.85,719.85,962.35,346.25,3431.1
20608,397.5,369.3,389.8,2183.6,3655.4,287.2,717.8,969.45,338.3,3470.8
20548,389.85,370.65,383.75,2200.1,3648.3,285.15,729.7,956.65,338.65,3434.1
20416,367.9,356.95,385.75,2190.6,3671.4,287.6,733.2,974.3,338.3,3462.8
20883,343.55,363.95,404,2251.7,3673.6,290.65,737.85,939,345.95,3439.4
20894,347.9,372.1,406.5,2272.6,3669.2,293.65,724.7,916.2,344.4,3389.2
20865,351.15,379.35,408.55,2297.3,3708.9,294.2,730.6,929.95,341.35,3410.2
20768,348.95,394.7,409.05,2291.4,3707.9,302.75,715.3,935.25,343.3,3384
20725,349.4,393.85,413.5,2294.8,3618.2,301.9,681.5,909.8,361.25,3349.7
20684,357.2,395.45,407.4,2266.3,3606.2,301.6,669.2,886.8,393.8,3274.7
20570,355.45,384.2,411.8,2259.5,3509.6,299.95,659.25,888.15,395.65,3246.1
20929,349.45,386.9,405.45,2318.1,3578.8,289.55,676.2,900.9,399.55,3274.9
21034,347.8,384.35,404.65,2278.2,3588.6,295.55,677,913.95,395.85,3358.3
21165,343.15,383.85,399.9,2270.7,3549.8,296.15,668.8,886.05,390.15,3381
21197,346.65,382.7,409,2284.3,3552.7,296.25,674.55,900.2,395.9,3401.7
21239,349.75,385.1,407.95,2326.6,3592.3,302.25,681.45,907.85,389.1,3383.6
20975,356.8,380.95,410.1,2295.8,3560.4,302.35,676.55,912.5,392.5,3354.7
20895,351.8,377.2,406.7,2278.5,3574,305.55,670.4,907.2,389.55,3350.5
20823,360.55,377.5,406.25,2296.4,3612.7,306.8,668.1,892.75,378.05,3335.9
20666,355.1,368.75,423,2315.4,3550.8,307.05,662,887.55,370.6,3327.5
20491,352.7,371.65,409.75,2287.2,3463.9,284.4,636.1,901.35,371.35,3154.4
20282,356.3,368.3,410.25,2280.3,3392.6,286,639.3,889.45,369.9,3128.4
20194,356.95,360.7,400.95,2250.2,3410.8,287.15,629.65,899.95,367.85,3102.9
20399,355.6,364.15,419.95,2229.3,3500.8,279.75,655.2,905.4,373.5,3047.7
20851,367.55,369.55,424.05,2193.6,3522.2,290.35,661.95,908.15,368.65,3077.2
20891,363.4,365.85,432.8,2142.1,3556.9,290.8,677.9,899.95,366.55,3102.3
20635,367.85,356.7,433.8,2120.3,3608.1,293.2,678.05,910.95,366.15,3091.4
20229,371.85,354.9,429.85,2134.3,3670.2,300.15,695.6,908.25,360.6,3138.4
20217,359.55,360.85,424.25,2142.8,3645.2,307.8,696.05,932.8,368.6,3237
20605,372.75,375.15,422.8,2142.9,3687.2,310,695.3,939.95,369.7,3359.2
20425,375.15,384.05,418.8,2145.1,3724.8,326.75,702.1,932.35,362.4,3238.1
20420,373.75,383,419.2,2136,3685.2,334.45,705.95,941.6,359.75,3210.7
20535,393.4,393.9,423.1,2214.1,3608.7,329.8,674.75,962.55,349.25,3344.8
20792,383.7,395.5,430.85,2195.7,3597.7,327.35,654.15,944.2,350.35,3361.4
20898,369.95,390.65,432.7,2165.1,3634.7,324.4,643,940.4,352.6,3328
20855,369.05,381.75,432.05,2122.3,3602.9,325.85,658.6,895.7,371.2,3304.8
20709,355,378.8,440.4,2102.4,3626.3,318.05,657.4,892.8,358.4,3314.9
20958,350.25,377.9,424.55,2114.2,3613.9,313.1,647,942.45,359.3,3280.4
20997,342.55,368.5,427.8,2133.9,3623.6,315.6,637.6,921.45,358,3238.4
21326,349.15,363.55,426.55,2128.8,3516.6,320.05,631.1,921.95,348.4,3207.1
21255,346.35,361.45,428.45,2087.2,3470.2,304.75,636.3,884.7,360.25,3223.8
21171,346.5,358.7,430.2,2114.8,3463.8,305.05,631,896.65,357.95,3202.1
20926,349.55,375.75,435.25,2073.6,3465.8,307.05,632.35,863.5,356.7,3163.8
20716,356.4,378.4,430.3,1974.5,3474.2,303.3,617.95,815.05,362.45,3065.4
20660,361.15,374.9,421.05,1964.8,3438,304.7,612,802.1,353.55,3043.5
20612,355.2,378.8,432.35,1956.8,3395.6,300.35,614,775.15,360.6,3065.4
20860,354.4,378.9,446.65,1996.6,3447.6,299.95,632.75,760.75,369.8,3146.8
20709,357.2,381.65,444.1,2013.5,3359.7,312.6,630.15,756.2,368.25,3217.3
21080,364.85,380.3,443.65,1975.8,3341.5,315.25,628.25,758.25,367.05,3211.6
21101,362.95,383.75,444.95,1971.2,3328.3,313.95,625.8,759.5,368.4,3244.9
21033,352.85,382.6,443.55,1966.4,3349.3,311.85,625.55,759.6,368.7,3180.6
21075,349.65,386.25,442.35,1959.8,3346.8,309.8,622.75,758.6,369.9,3140.4
21194,351.6,377.85,437.3,1950.3,3330.9,307.4,622.65,750.95,367.7,3129.8
21143,354.45,377.15,437.7,1934,3375.2,307.65,625.3,756.8,371.95,3139.2
21171,354.2,383.6,447.65,1971.1,3398.6,305.85,629.65,765.95,374.85,3205.2
21140,355.15,390.15,446.5,1997,3393.8,307.05,618.4,767,374.5,3246.4
20888,349.25,376.55,435,2001.9,3356.2,307.65,617.6,754.65,369.5,3198.7
20851,342.85,367.4,434.4,1966.3,3385.7,304.25,625.1,766.05,374.65,3150.5
20787,348.2,366.85,416.95,1940.5,3258.2,307.05,605.25,766.45,371.65,3160.4
20693,343.15,366.3,414.55,1937.7,3311.2,302.05,623.45,768,380.5,3142.1
20729,350.1,377.25,422.2,1924.3,3368.1,295.9,631.7,790.8,392.85,3354.2
20713,350.05,365.35,423.45,1939.2,3382.2,310.35,639.85,797.8,395.65,3373.8
20758,347.8,363.75,443.75,1920.8,3338.6,311.3,642.2,796.35,396.7,3430.1
21134,343.7,360.15,455.15,1963.7,3321.1,314.35,649.35,798.9,394.9,3400.9
21033,353.5,361.05,464.5,1964.8,3332.2,316.1,639.85,813.5,394.25,3354.8
21289,354.25,364.3,466.65,1968.6,3378.3,306.7,650.75,820.1,397.85,3314.8
21265,369.95,356.45,468.95,2069.7,3405.6,313.25,646.8,819.95,391.45,3394.7
21064,367.7,355.5,470.4,2102.3,3406.5,317.65,658.35,824.45,382.75,3472.2
21205,369.85,357.2,471.65,2122.6,3393.3,320.25,641.6,817.3,363,3505.7
21251,377.7,355.2,465.35,2127.9,3360.9,317.55,639.6,804.8,365.3,3592.9
21338,384.3,353.7,479,4350.8,3389.7,318.75,643.05,808.25,364,3626.7
21374,377.65,354.75,487.95,4359.2,3336.1,319.45,634.95,786.6,363,3602.2
21134,381.95,349.2,489.65,4366.9,3262.8,321.45,636.3,789.15,360.75,3608.1
20707,385.85,349.5,490.25,4297.6,3280.4,305.85,628.35,768.35,363.3,3569.4
20684,393.35,347.8,477.15,4303.1,3289.4,306.2,624.1,764.75,355.7,3566.7
20647,403.15,347.4,474.7,4273.9,3346.1,304.95,617.95,750,374.4,3524.4
20498,398.65,347.1,475.75,4146.1,3348.8,308.5,627.1,754.1,376.25,3530.1
20514,400.75,346.75,475.1,4221.7,3335.3,305.05,618.6,761.1,369.15,3519.2
20209,397.55,346.6,478.65,4179.8,3339.6,297.1,599.25,760.4,367.75,3514.8
20212,402,352.15,489.9,4176.9,3365.8,2911.4,608.2,751.45,369.2,3430.9
20261,398.45,353.1,488.75,4208.8,3342.2,2939.6,612.95,755.85,369.55,3439.8
20311,392.3,356.5,489.1,4188.4,3337.2,2940.2,608.85,757.25,368.2,3431.8
20377,388.25,347.35,477.15,4181.1,3331.8,2788.4,624.15,765.3,368.25,3475.9
20334,389.8,346,484.8,4108.4,3354.2,2719.2,618.5,768.4,369.4,3441.2
20363,387.15,345.65,488.1,4124.6,3327.2,2742.1,638.05,770.55,363.75,3421.3
20448,384.7,349.25,480.25,4170.2,3308.2,2737.6,643.1,769,370.85,3442.6
20193,390.3,344.7,485,4168.7,3293.1,2735.2,650.65,759.25,355.65,3397.2
20367,390.5,348.95,497.25,4126,3289.3,2742.3,657.6,745.55,358.35,3253.2
20464,385.3,360.3,499,4084.5,3285.6,2782.2,662.95,738.2,354.95,3180.8
20634,396,369.35,529.15,4051.4,3338.3,2721.2,667.1,738.35,355.25,3161.7
20723,398.3,360.25,509.65,3946.2,3242.2,2701.7,650.55,731.5,354.85,3098.1
20537,407.5,357.95,500,3879.2,3205.4,2638.2,655.6,722.65,354.4,3046.3
20701,405.15,356.4,495.5,3794.1,3150.6,2642.7,645.45,715.9,350.35,3080.7
20811,408.45,355.75,484.85,3803.1,3169.9,2656.4,627.15,721.9,349.2,3105.5
20852,413.2,352.75,480.75,3805.8,3164.6,2594.6,628.45,757.9,350.5,3054.3
20987,410.85,353,481.4,3794.7,3181.7,2582.3,626.9,756.5,349.15,3038.1
21120,409.4,355.05,480.55,3774.2,3075.9,2575.6,606.1,748.85,351.45,2964.9
20947,410.85,360.7,458.75,3812,3006.8,2584.6,601.5,736.5,352.1,2965
21210,401.7,351.55,447.95,3853.8,2942.9,2567.9,594.1,726.65,353.9,2924.4
21277,396.2,348.85,450.9,3865.6,2939.2,2522.3,579,730.5,352.7,2907.7
21514,388.15,344.25,447.6,3918.7,2961.8,2465.7,578.25,730.9,347.55,2938.4
21920,398.45,340.95,444,3943.4,2968.8,2521.7,576.3,717.95,350.6,2947.2
21935,391.7,334.55,444.75,3888.9,2965.2,2481.3,592.15,720.8,353.15,2999.9
21826,392.3,343.3,447.85,3645.6,3002.4,2451.3,591.3,739.45,365.25,2990
21856,404.25,341.35,441.3,3650.2,2950.2,2480.2,585.3,734.3,365.95,2963.7
21775,399.6,340.4,443.45,3830.3,2938.7,2411.8,600.35,734.3,362.8,3098.9
21810,403.45,344.05,438.65,3847.2,2968.9,2369.8,623.25,735.1,364.05,3200.6
21833,403.15,341.35,448.85,3747.7,3064.3,2423,625.7,745.85,370.75,3227.7
21833,404.25,342.85,452.15,3751.1,3008.6,2442.3,615.9,746.65,366.4,3207.2
21740,403.05,348,443.55,3681.2,3035.2,2447.5,611.5,752.2,371.75,3227.2
21754,405.05,346.55,450.35,3693.7,3059.4,2442.9,608.35,759.5,376.35,3313.8
21755,406.8,351.35,442.95,3649.4,3072.9,2378.3,600.35,764.15,376.75,3232.5
22055,403.85,334.55,443.6,3612.8,3065.2,2487.4,585,742.85,370.9,3208.3
22055,406.55,343.1,454.2,3650.9,3063.2,2555.9,613.55,742.1,370.65,3212.2
22095,415.1,345.85,449.75,3701.4,3084.9,2601.9,627.8,737.55,359.45,3218.4
22214,414.85,344.9,451.8,3699.9,3045.8,2568.5,620.25,750.5,358.6,3187.8
22340,415.8,339.85,445.9,3740.4,2972.1,2618.8,609.75,754.9,354.75,3084.8
22386,414.05,344.2,448.6,3656.6,2950.8,2562.1,619.65,757.95,353.15,3009.1
22446,412.6,352,458.4,3642.9,2962.6,2563.7,629.7,754.8,351.65,2976.7
22551,411.45,357.95,462.55,3672.3,2971.2,2624.3,612.55,757,355.85,2961.1
22509,413.15,360.65,459.25,3683.7,2916.7,2625.6,575.8,755.5,350.95,2970.8
22360,405.65,373.85,456.1,3668.1,2910.3,2601.4,577.6,748.6,351.05,2999.7
22343,407.8,380.7,458.05,3736.8,2910.9,2553,575.2,749.4,357.65,3002.8
22702,406.05,374.5,453.85,3778.3,2916.7,2567.4,563.4,745.95,353.55,3002.3
22715,403.2,371.25,451.6,3730.3,2884.3,2564.2,557.3,733.85,350.3,2976.6
22629,400.55,378.05,448.9,3708.1,2901.3,2515.4,551.8,736.4,350.55,3000.2
22485,405.35,376,455.3,3734.6,2909.9,2488,552.9,733.6,348.95,2994.9
22277,403.15,363.65,464.25,3611.6,2912.8,2501.5,557.4,733.9,354.8,2995.6
22629,391.9,365.35,458.7,3603.4,2915.5,2522.1,529.7,740.15,350.3,2981.2
22765,375.95,356.4,443.8,3594,2784.3,2503.4,514.3,741.25,355.15,2951.1
22758,369.7,358.1,435.25,3632.8,2769.6,2460.4,513.15,734.6,352.35,2923.2
22877,369,356.65,433.75,3620.6,2775.5,2503,511.45,727.15,351.9,2890.5
22688,368,358.55,427.4,3621.5,2802.4,2493.2,505.95,717.1,349.35,2884
22632,369.1,357.3,432.5,3601.2,2755.2,2509.1,498.1,704.35,343.7,2826.2
22466,365.2,364.75,431.45,3542.9,2750.1,2523.6,492.9,710.2,345.75,2838.5
22418,371.1,366.65,428.7,3552.5,2742.4,2467.8,491.9,711.9,345,2888
22404,374.05,368.95,431.75,3551.1,2751.2,2413.1,473.95,719.1,348.9,2824.4
22445,376.9,363.7,430.6,3558.4,2707.3,2439.8,469.75,724.6,350.75,2773.2
22508,376.35,356.6,425.9,3603.8,2668.2,2420.3,448,714.05,356.75,2752.3
22324,365.55,352.75,410.45,3599.1,2652.6,2361.8,439.3,718.4,356.45,2736.7
22344,368.3,364.35,413.65,3576.4,2666.4,2368.7,444.9,700.95,347,2732.2
22994,369.9,357.7,390.15,3573.2,2664.8,2429.3,436.85,696.2,347.5,2719.7
23551,376.2,354.9,407.85,3480.3,2618.4,2412.7,436.5,701.95,348.45,2780.6
23871,373.7,362.6,418.85,3514.6,2651.9,2415.2,435.1,702.05,345.95,2755.9
23815,366.05,360.05,421.7,3574.7,2641.9,2437.2,435.05,706.55,346.4,2750.6
23906,367.45,361.05,424.55,3504.2,2667.1,2426.7,440.55,704.1,355.75,2777.7
24122,374.5,359.85,424,3462.6,2649.1,2469.8,440.95,698.8,354.25,2766.3
24363,376.85,359.45,422.95,3340.3,2587,2460.8,442.5,693.85,349.75,2756.4
24377,379.55,368.95,436.35,3365.7,2524.5,2439.4,456.3,685.5,356.2,2807.4
24298,372.6,367.15,433.15,3368.1,2551.9,2439.8,447.7,692.7,358.7,2822.2
24374,373,364.4,424.65,3366.4,2504.4,2470.9,439.75,686.45,356.7,2766.7
24693,354.35,376.2,427.9,3352.3,2506.6,2490.2,444.7,662,357.1,2745.8
24717,354.65,385.05,429.45,3378.2,2499.7,2501.2,439.3,642.3,356.25,2710.6
24550,354.5,384.05,438.4,3347,2489.1,2555.8,442,632.5,352.4,2733.9
24556,354.25,386.95,441.45,3235.1,2512.8,2540.3,440.7,632.55,351.85,2719.2
24234,353.25,378.5,438.6,3206.4,2538.3,2524,437.5,627.3,349.05,2656.2
24217,337.05,375.35,445.3,3253.2,2524,2523.2,440.95,622,344.15,2644.4
24685,336.2,375.7,452.95,3243.3,2560.8,2561.4,437.15,625.45,344.3,2646.5
24859,336.5,365.25,457.1,3229.4,2577.3,2597.7,431.8,622.45,343.8,2648.3
24806,336.25,364.45,461.55,3225.4,2520.8,2573.2,432.95,618.85,342.4,2640.7
25020,334.1,359.25,454.3,3227,2510.8,2516.2,432.65,624,345.1,2693.6
25396,332.05,362.45,454.5,3325.8,2505.2,2412.1,435.75,640.9,346.05,2704.9
25580,335.4,371.15,465.65,3292.9,2533.1,2421.6,435,631.9,342.5,2651.9
25584,334.65,365.65,458.6,3304.3,2519.9,2547.8,436.05,627.95,341.4,2661.6
25474,340.05,376.85,452.9,3333.8,2590,2581.6,442.2,626.1,335.8,2684.9
25576,339.65,396.5,459.9,3343.8,2640.2,2576.8,449.3,626.2,334.6,2730.8
25228,344.6,394.05,464,3239.2,2642.8,2682.4,447.9,624.35,333.3,2678.6
25190,338.5,396.3,458.65,3210.8,2629.8,2699.1,446.5,623.7,331.25,2637.3
25521,337.35,393.5,458.35,3218.5,2642.9,2691.9,443.5,630.45,329,2652.9
25246,338.5,384.85,459.65,3221.8,2584.8,2701.1,436.3,628.25,325.15,2609.8
25202,335.4,385.3,462.35,3246.4,2438.3,2680.8,437.95,619.5,324.9,2615.2
25106,336.9,382.15,456.1,3221.9,2449.8,2685.9,437.3,616.95,319.85,2553.2
25031,331.6,388.6,459.75,3189.4,2487.7,2636.8,426.25,617.25,316.25,2504.8
25369,338.65,397.7,467.4,3212.8,2477.4,2655.5,426.3,624.5,316.05,2479.3
25314,336.35,391.6,459.65,3210.3,2415.7,2691.8,426.35,617.2,320.4,2460.8
25063,340.95,387.9,439.6,3231.1,2379.7,2659.5,423.75,617.25,314.05,2446.1
25100,340.9,386.45,439.4,3315.6,2371.1,2601.3,424.5,623.65,335.9,2439.3
25414,338.3,386.4,442.75,3312.4,2378.5,2580.6,425,625.7,336.3,2448.2
25516,337.5,394.05,451.2,3244.6,2439.1,2606.1,425.15,619.2,333.05,2422.8
25841,339.65,400.65,444.3,3247.2,2417.9,2638.2,412.85,629.95,336.3,2408.4
25824,339.25,389.4,433.25,3242.2,2376.9,2654.4,413.6,633.3,336,2423.1
25962,333.25,389.1,416.8,3181.7,2404,2579.2,414.1,634.05,333.7,2446.3
26100,333,394.75,432.25,3166.6,2479.2,2606.3,415.1,629.55,335.05,2434
25582,341.55,404.1,429.75,3178.8,2446.6,2693.8,411.55,625.4,333.25,2431.9
25445,354.2,420.25,428.65,3067.2,2465.8,2690.7,407.35,638.75,337.35,2392
25373,361.15,412.9,430.6,2985.7,2434.8,2664.8,396.4,632.05,338.65,2351.6
25024,356.45,391,420.35,2999.8,2393.3,2703.3,395.55,638.4,336.95,2349.2
25007,355.8,391.1,390.95,3037.9,2379.9,2732.2,387,631.2,333.4,2308.1
25229,355.95,390.2,380.4,2993.7,2373.2,2696.8,390.4,605.35,330.95,2325.2
25550,353.45,393.1,381.4,3015.4,2342.8,2682.3,388,592,333.45,2338
25561,359.15,373.35,389.45,2993.5,2326.8,2643.3,386.05,601.05,337.35,2414
25642,361.3,371.15,377.2,2941.5,2269.5,2644.2,384.15,600.95,341.5,2448.1
25715,344,373.6,371.65,2924.3,2306.1,2541.9,372.95,557.1,342.55,2377.7
26026,338.1,380.35,371.65,3172.2,2311.4,2600.1,379.8,561.7,343.05,2346.7
26147,341.75,393.05,379.05,3133.9,2305.8,2610.1,378.2,560.45,344.4,2311.4
26272,335.7,400.75,410.05,3093.8,2340.3,2632.2,382.8,560.7,344.9,2301.2
26127,338.2,397.55,425.55,3066.5,2384.8,2699.8,386.95,561.25,342.15,2307.4
25991,342.4,389.95,426.25,3107.2,2264.4,2755.2,387.4,562.5,344.8,2297.8
26087,332.4,372.15,413.85,3150.7,2168.2,2511.8,389.75,562.25,342.1,2302.1
25895,340.7,366.7,421.45,3119.1,2193.5,2460.1,390.05,563.15,341.3,2326.2
25481,347.75,389.65,430.4,3022.8,2214.2,2526.1,385.7,557.05,338.05,2283.2
25723,338.3,345.65,409.4,3177.8,2154.4,2570,388.2,580.7,357.55,2408.9
25908,332.25,340.7,403.95,3270.4,2117.2,2414.3,398.05,588.35,367.9,2482.1
25665,321.55,342.9,395.4,3246.9,2086.6,2279.1,395.1,576.35,365.65,2519
25589,323.45,331.65,392.65,3265.5,2095.2,2282.8,390.7,577.75,361.05,2610.7
25329,319.9,330.8,383.05,3177.9,2051.4,2276.2,387.6,570.05,358.85,2719.2
25519,317.75,309.05,370.65,3105.4,1972.6,2243.8,392.55,557.15,345.5,2715.7
25881,310.05,294.15,365.85,3062.9,1894.4,2172.7,389.15,553,341.9,2738.7
25919,307.9,295.4,363.7,3064.4,1881.8,2091.5,382.85,554.4,346.55,2737.3
26103,310.95,296.45,370.35,3164.2,1909.6,2073.4,390.95,553.6,347.95,2744.8
26391,315.25,296.65,372.7,3176.2,1899.7,2051.8,392.9,557,344.3,2729.9
26421,320.75,295.5,370.1,3219.8,1885.5,2044.8,401.5,562.35,340.15,2737.4
26314,325.7,291.7,369.4,3177.2,1918,2045.8,398,566.9,340.75,2705.3
26360,327.65,296.75,368,3178.6,1916.3,2078.9,401.15,563.15,340.35,2666.6
26420,335.15,295.75,371.3,3178.2,1952.4,2065.3,406.65,580.6,342.05,2672.3
26437,337.9,300.05,379.4,3174.2,1956,2105.3,394.25,580.7,343.6,2625.9
26443,341.05,302,384.2,3172.8,1982.8,2083.2,399.65,596.1,353.35,2565.4
26560,339.1,298.9,378.6,3149.9,1974.2,2064.6,397.35,596.3,350.7,2552.7
26638,335.3,296.25,373.35,3181.2,1988.3,2049.3,399.6,599.2,353,2552.8
26868,334.85,290.9,374.25,3189.9,1946.3,2070.7,400.6,609.5,353.2,2556
27019,325.1,289.7,367.7,3156.4,1934.9,2017.8,396.8,607.55,345.9,2539.3
27140,323.3,292.4,367.6,3260.4,1922.3,1959.8,400.75,612.3,341,2577.4
27086,324.65,293.05,372.05,3235.8,1933.8,1963.5,402.05,608.9,343.85,2570.2
27027,321.9,292.15,378.05,3206.6,1959.2,1994.3,397.45,617.45,343.65,2549.1
27320,319.65,288.05,373.2,3253.1,1933.2,2026.8,400,608.25,347.5,2620.4
27265,320.2,284.1,364.6,3291.2,1904,1984.2,396.65,604.5,345.55,2602.4
27057,317.7,282,362.6,3315.5,1927.2,1922.2,404.1,604.25,345.1,2645.9
26996,316.25,280.85,368.05,3338.6,1938.3,1904.2,396.25,606.9,346.35,2663.2
27061,321.85,287.2,376.4,3320.2,1933.5,1895.3,389.8,595.65,344.25,2623.8
26817,326.1,289.65,374.8,3310.6,1931.2,1933.5,382.15,601.6,352.4,2602.6
26493,315.55,287.9,375.75,3278.8,1971.4,1894.5,383.7,603.65,352.95,2560.8
26631,318.9,285.9,380.9,3257.8,1932,1918.3,386.95,597.8,359,2617
27112,317.5,279.95,379.95,3228.5,1935.2,1902.2,385.8,598.55,359.95,2587.1
27090,310.7,280.35,373.4,3244.7,1937.5,1839.5,387,590.45,359,2636.1
27207,298.75,273.9,368.05,3251.6,1903.1,1768.2,391.2,592,362.85,2721.3
26776,295.15,270.8,370.35,3274.1,1885.6,1741,391.2,581.95,360.65,2749.2
26745,294.05,263.4,353.35,3293.9,1872.1,1725.5,394.35,572.65,356.7,2786.5
26468,293.65,263.2,353.7,3305.2,1867.8,1702.4,387.5,572.9,357.65,2776.6
26626,292.35,260.25,350.5,3303,1857.7,1702.6,386.9,572.85,355.9,2780.2
26597,295.35,263.3,360.1,3271.6,1870.5,1678,383.65,561.55,359.55,2801.1
26631,299.3,270.4,369.45,3349.2,1868.8,1707.3,385.95,556.35,355.9,2792.1
26568,295.3,263.85,371.9,3389.4,1737.1,1698.4,385.85,554.3,347,2775.9
26272,295.1,265,369.15,3357.5,1746.7,1653.5,380.25,561.25,343.35,2734.2
26247,300.9,259.75,370.25,3670.9,1764.6,1651.8,379,559.4,340.7,2690.2
26637,299.8,255.55,370.9,3672.8,1755.9,1644.8,376.7,560.95,333.75,2676.5
26297,302.85,258.5,379.15,3672.8,1800.9,1675.2,376.35,556.9,335.55,2689.2
26384,304.95,264.45,387.95,3740.9,1735.9,1691.3,380.95,550.2,337.55,2726.2
26349,301.4,256.9,383.75,3835.7,1649.9,1648.8,379.95,549.85,334.7,2827.9
25999,285.8,251.5,375.05,3815.3,1622.4,1576.2,385.25,551.45,332.9,2787.6
26109,282.8,247.2,379.95,3799.9,1598.3,1573.5,378.75,554.2,331.55,2802.6
26430,287.6,244.35,368.65,3793.1,1581.8,1549.7,376.7,543,328.65,2815.3
26576,286.5,244,369.6,3820.2,1586.3,1518.5,384.35,548.8,327.5,2901.6
26787,287.5,243.6,368,3803.8,1661.7,1531.7,375.6,554.95,328.55,2833.9
26851,288.15,246.35,357.4,3782.7,1676,1521.7,374.5,554.2,321.9,2773.9
26753,287.35,252.05,362.85,3750.8,1683.4,1506.8,367.5,554.8,319.85,2795.2
26881,282.9,251.2,357.45,3751.7,1674.7,1510.8,369.3,554.6,317.5,2729.2
27098,288.2,251.3,355.15,3713.7,1683.3,1503.1,371.2,554.85,311.8,2713.4
27346,296.85,254.65,359.8,3753.9,1698.6,1481.5,373.3,558.4,316.6,2664.9
27866,302.85,255,357.15,3680,1709,1508.7,372.35,561.6,317.4,2648.1
27860,302.2,256.4,362.4,3662.2,1666.1,1499,374.35,560.25,319.95,2639.5
27916,305.1,260.55,360.1,3645.6,1643.3,1473.4,373.35,560,319.8,2580
27869,305.2,260.75,351.1,3586.4,1636,1475.1,381,557.85,316.75,2562.6
27875,302.6,269.9,356.7,3599.6,1647,1499.7,412.8,569.35,320.3,2615.9
27910,308.15,270,347.75,3595.8,1675.1,1532.7,412.5,562.9,325.05,2658.9
28009,305.35,270.05,350.1,3568.5,1689,1518.5,413.6,564.85,325,2676.8
27941,307.4,269.45,355.95,3566.7,1665.4,1514.3,417.1,577.65,323.4,2631.1
28047,315.5,266.8,356.9,3563.4,1639.6,1526.8,410.1,586.55,324.6,2597.3
28178,315.25,255.1,360.45,3581.6,1606.7,1504.2,415.2,570,318.95,2596.8
28163,314.45,249.2,354.5,3566.7,1620.3,1521.1,415,570.75,325,2596.1
28033,316.45,245.9,365,3628.7,1620.7,1516,412.45,570.05,320.5,2649.6
28068,305.95,247.5,358.95,3699.4,1635.3,1489.8,410.65,570.35,325.1,2607
28335,315.15,246.15,349.8,3704.8,1638,1525.6,413.55,570.45,324.55,2619.2
28500,308.4,251,346.3,3717.7,1674.3,1517.5,414.9,569.95,325,2655.3
28338,301.65,249.35,345.1,3677,1563.2,1573.7,409.6,570.15,327.15,2649.6
28386,306.3,248.95,345.1,3732.6,1701.3,1596,415,575.55,324.45,2635
28439,307.05,257.9,349.95,3759.1,1772.5,1594.5,414.85,565.9,324.2,2660.6
28694,313.3,259.3,350.85,3792.8,1795,1622,419.4,567.25,328.95,2667.1
28560,314.65,261.9,343.2,3767.1,1805.3,1657,422.1,565.95,327.4,2673.7
28444,309.75,263.1,343.9,3755.7,1803,1645.8,417.25,560.55,329,2652.1
28443,305,269.7,349.45,3749.9,1778.2,1658.6,419.75,555.25,330.2,2654.2
28563,308.75,272.75,351.7,3728.1,1777.2,1641,417.9,559,324.85,2655.9
28458,311.2,302.7,350.2,3724.7,1787.3,1622,412.65,552,325.7,2643.3
28119,315.5,295.15,349.2,3710.6,1799.5,1637,418.05,545.3,328.35,2650.3
27797,331.55,289.9,345.45,3688.8,1774.6,1643.5,411.3,538.85,324.15,2648.5
27831,328.7,290.25,345.25,3665.7,1782.8,1626.9,402.6,546.4,325.5,2628.2
27602,331.25,288.7,346,3548.9,1794.7,1642,398.75,550.3,322.45,2625.4
27351,330.6,295.7,347.25,3451.1,1812.8,1608.8,403.15,554.75,315.45,2587.9
27320,329.2,288.75,346.35,3428.5,1839.2,1639.1,403.65,559.15,316.8,2531.9
26781,332.55,275.6,337.95,3457.4,1846.5,1655.4,390.45,559.3,316.75,2491.7
26710,331.65,276.4,335.85,3514.2,1807.2,1659.8,391.6,563.75,316,2472.4
27127,328.8,277.75,337.55,3565.4,1798.5,1687.7,392.6,565.3,314.85,2497.9
27372,328.85,283,338.65,3474.8,1769.4,1716.1,392.75,562.75,315.4,2525.8
27702,328.1,291.9,343.15,3466.4,1763.3,1742.5,401.55,571.8,322.1,2536.1
27506,337.6,290,341.5,3485.5,1763,1765.3,400.55,570.95,321.6,2533.1
27209,330.45,289.45,341.8,3501.7,1776.8,1765.5,400.25,573.15,322.4,2522.6
27242,329.6,282.95,340.5,3562.2,1775.4,1763.4,404.75,568.85,322.1,2518.7
27396,328.8,281.7,340.1,3515.6,1791.6,1769.9,399,563.75,319.95,2511
27404,329.3,283.2,337.85,3486.3,1790.8,1754.2,399.7,565.7,318.9,2540.2
27499,325.5,283.35,341.9,3468.7,1804,1759.2,405.25,565.45,319.2,2515.2
27508,328.25,284.25,339.7,3552.3,1810,1757.5,401.6,567.95,315.2,2508.8
27888,327.9,280.9,336.25,3514.4,1780.7,1751.8,399.55,554.55,313.8,2465.1
27842,323.35,282.6,342.25,3457.8,1729.4,1730.5,393.05,558.45,315.75,2463.5
26987,327.95,278.6,334.6,3456.4,1701.8,1764.9,387.8,557.15,315.45,2425.9
26909,327.4,286.9,334.25,3449.8,1699,1719,377.15,557.85,313,2401.4
27275,314,283.55,337.25,3373.8,1691.6,1732.8,377.8,561,315.05,2402.8
27458,321.05,281.55,345.8,3363.4,1718,1743.5,381.1,563.05,316.75,2403.8
27585,323.5,288.75,344,3371.4,1751.9,1778.4,387.5,565.65,320.9,2443.7
27426,328.15,285.45,350,3370.3,1750.2,1796.7,388,564.35,317.75,2450.8
27347,335.35,290.4,352.55,3337.4,1763.5,1844.5,385.35,560.1,313,2449.5
28076,336.7,289.6,346.3,3326.6,1698.1,1889.2,388.4,560.85,311.65,2421.9
28122,332.15,279.6,344.2,3351.2,1701.5,1861.8,387.5,566.4,308.9,2413.2
28262,335.45,271.8,339.75,3365,1641.2,1853.7,390.05,571.55,313.25,2450.3
28785,332.25,270.75,343.35,3348.4,1663.7,1819.7,390.5,579.45,319.2,2464.1
28889,330.65,273.55,333.45,3338.4,1661.3,1814.3,391.6,583.25,321.35,2498.8
29006,332.3,271.6,338.25,3353.5,1677.4,1822.7,391.1,594.45,320.15,2484.8
29279,327.2,269.85,331.9,3323.9,1663,1821.5,380,590.4,313.6,2456.7
29571,323.65,265.35,329,3295.7,1657.8,1763.5,382.1,584.25,314.05,2425.8
29559,321.8,263.15,328.75,3318.9,1663,1763.9,385.95,587.55,310.85,2407.3
29682,327.55,269.75,332.35,3327.6,1679.8,1785.8,387.3,581.4,316.2,2439.3
29183,336.7,267.75,328.4,3349.3,1639.8,1804.5,384.8,571.95,308.3,2435.8
29122,336.35,269,321.7,3347.3,1647.6,1740.3,387.3,575.55,312.65,2409.6
29000,337.55,272.6,324.8,3402.4,1650.8,1760.1,392.85,581.7,320.95,2425.2
28883,343.15,267.7,327.3,3443.6,1683,1795.5,400.15,591.7,323.4,2451.4
28851,351.75,270.95,321.8,3400.3,1629.5,1823.3,402.35,595.15,325.75,2463.9
28718,345.05,274.1,320.2,3353.8,1608.5,1767.2,404.1,580.3,314.4,2459.2
28227,339.1,284.95,323.55,3333.9,1579.5,1722.4,412.55,582.9,314.45,2457.1
28356,332.2,285.1,331.6,3339.3,1585.2,1697.8,420.95,574.55,319.75,2468.3
28534,337.5,289.1,336.15,3363.1,1585.7,1675.5,422.7,576.15,317,2470.9
28805,340.2,291.25,340,3357.5,1577.9,1705,423,584.75,319.55,2401
29095,344,296.05,340.65,3359.2,1612.9,1744.2,421.7,589.85,320.5,2411.2
29136,348.25,298.75,345,3305.9,1616,1752.2,424.55,589.3,319,2398.9
29320,355.45,296.3,346.2,3264.9,1624.6,1809.6,420.6,596.85,318.95,2405.9
29462,359.65,292.15,351.5,3279.5,1649.8,1873.2,418.15,608.35,330.6,2480.5
29231,365.35,292.45,350.35,3278.8,1635.8,1886,416.25,607.85,328.7,2470.7
28975,366.25,287.35,352.85,3308.7,1633.7,1879.4,413.95,609.25,334.25,2455.9
29005,364.65,282.05,344.9,3324,1634.2,1795.5,418.8,613.35,333.05,2522.7
29008,359.05,280.95,345.85,3334.9,1636.9,1721,417.1,604.8,327.9,2428.7
28747,341.2,276.55,344.7,3323.8,1513,1737.3,411.6,589.35,327.65,2400.8
29220,339.8,279.05,343.55,3331,1506.8,1676.2,415.4,594.2,340,2403.8
29362,343.65,279.65,351.4,3309.8,1515.5,1717.7,419.65,608.4,342.55,2391.4
29459,349.85,289.05,346.25,3324.2,1528,1718.2,423.35,614.3,341.5,2398.6
29594,347.9,292.95,333.3,3334.8,1511.7,1716.3,412.05,608.85,341.8,2430
29381,352.1,287.7,327.5,3335.9,1516.6,1676.9,416,608.55,344.7,2442.3
29449,352.55,285.85,326.45,3316.2,1469.6,1671.2,415.35,606.4,354,2460.3
28845,356.6,284,325.25,3270.1,1429.5,1664.8,415.3,605.55,345.35,2407.1
28710,348.7,283.7,325.55,3348.3,1438.5,1621.6,423.1,603,339.8,2410.3
28659,339.05,285.15,330.3,3323.5,1445.2,1621.5,421.85,598.05,339.5,2421.8
28930,332.65,282.6,336.05,3273.9,1464,1656.2,429.35,603.7,342,2399.7
28503,334.55,294,331.25,3124.2,1421.3,1651.6,433.1,602.7,346.95,2395.4
28438,332.5,296.75,334.95,3107.6,1398.3,1633,431.85,610.3,348.55,2406.5
28736,333.9,296.55,333.5,3032.4,1407.3,1612.3,435.05,607.3,347.5,2394.6
28622,331.5,300.1,334.95,3019.6,1406.8,1611.7,439.8,610.35,339.9,2384.6
28470,322.55,310,332.45,3015.4,1427.7,1632.8,438.1,608.05,340.1,2368.6
28261,328.15,302.55,332.95,3038.8,1412.2,1652.4,436,609.3,338.45,2429.2
28192,324.25,297.25,325,3014.7,1380,1659.5,431.9,619.3,342.9,2407.6
28162,321.95,295,326.7,3015.4,1358,1643.5,432,627.4,340.3,2383.7
28112,318.25,307.05,326.4,3006.4,1367.8,1615.2,433.15,620.85,348.9,2411.4
27458,325.1,303.65,327.35,3013.3,1385.8,1641.7,436.5,628.9,349.25,2455.9
27459,334.6,295.05,334.65,3007.8,1392.7,1675.2,438.7,633.5,345.05,2431.2
27976,336.25,296.95,336.7,3014.8,1410.7,1686.3,431.4,643.3,349.8,2397
27957,330,304.75,335.05,3018.7,1402,1647,426.25,644.25,349.85,2380.8
28260,335.05,301.15,340.4,2995.6,1466,1652.5,429.8,651.25,355.4,2368.8
28504,344.35,297.4,328.85,3019.4,1482.8,1746.5,439.5,677,355.4,2375.7
28517,354.15,297.5,317.4,3015.7,1398,1808.8,436.55,642.15,343.5,2357.1
28708,337.35,294,316.4,3023.3,1375.8,1673.8,431.75,628.25,338.75,2305.2
28885,337.3,289.4,312,2992.3,1359.4,1634.9,430.45,621.05,334.75,2223.2
28879,335.4,293.2,313.15,3028.2,1320.6,1649.7,440.6,621.55,331.55,2246.4
29044,325.8,284.9,308.8,3064.1,1319.5,1663,437.5,626.75,336,2242.6
28800,329,293.15,303.95,3120.6,1360.8,1658.1,434.65,642.95,329.7,2248.8
28666,335.45,288.4,302.6,3150.7,1338.2,1688.9,440.3,654.5,335.4,2266.5
28442,339.1,277.45,301.3,3020.8,1290.2,1631.5,437.6,617.2,316.2,2283.9
27886,313.55,283.45,297.4,3002.7,1298.8,1633.2,418.8,627.35,311.5,2293.2
27676,297.3,264.85,302.65,3105.9,1277.8,1636.2,419.75,615.7,299.8,2279.8
27890,297.45,261.2,300.25,3033.8,1273.2,1491,405.75,614.4,302.25,2210
27735,285,257.8,302,3077.3,1299.5,1475.3,417.15,638.65,319.4,2277.9
27438,300.55,250.5,294.55,3100.3,1244,1516.7,416.95,628.55,307.85,2293.2
27177,298.55,249.95,288.9,3109,1253.7,1514.4,397.25,606.15,305.85,2250.1
27396,298.95,254.15,282.95,3120.3,1235.8,1489.2,398.5,593,297.95,2172.3
27226,287.75,260.1,293.05,3058.1,1258.8,1498.2,396.75,594.05,297.35,2162.2
27011,294.25,271.2,295.9,3030.6,1308.5,1519.9,398.65,608.65,308.1,2150.9
27491,307,269.8,304.75,2998.5,1295.3,1557.2,396,601.55,308.25,2117.6
27440,308.6,267.75,305.05,3023.3,1289.5,1559.5,401.75,592.35,307.95,2110.4
26717,313.45,260.6,299.55,2953.3,1285.1,1571.1,392.3,587.8,300.2,2045.2
26599,298.6,262.5,297.4,3007.1,1298.5,1549.6,401.15,591.25,315.35,2138.2
27105,318.7,257.15,299.25,3005.4,1309,1553.5,400.4,588.75,314.3,2140.8
27507,317.35,258.35,298.25,2974.6,1324.7,1530.4,414.3,598.5,320.05,2166.8
26877,335.85,270.65,318.95,3069.8,1392.1,1571.2,420.15,615.75,334.55,2204.5
27251,342.7,268.45,307.3,3084.9,1397.5,1625.1,423.6,621.3,334.2,2239.7
27206,346.4,274.35,300.15,3005.2,1378.8,1620.7,415,614.75,335.75,2179.4
27324,341.9,268.2,303,2961.1,1386.1,1604.8,410.7,599.55,325.45,2218.2
27687,337.4,262.75,304.15,2955.4,1334.2,1661.5,390.8,603.2,322.7,2253.7
27646,326.8,257.95,302.85,2986.1,1334,1713.5,391.85,608.05,330.3,2197.7
27837,323.4,263.1,305.55,3007.4,1345,1640.8,395.75,618.4,335.9,2209.1
27809,336.6,254.55,304.6,3006.7,1337.3,1682.3,399.65,615.45,333.05,2236.6
27958,344.7,270.35,305,2975.7,1340.1,1681.3,403.2,634.15,338.45,2281.5
27644,343.7,281.45,301.55,2967.2,1327.1,1683.5,400.95,613.45,341.65,2282.6
27531,344.9,275.05,306.8,2955.7,1342.5,1709.8,408.05,625.75,350.5,2179.4
27565,321.45,273.4,317.15,2920.8,1350.2,1723.7,411.85,638.7,357.9,2217.7
27507,334,282.4,318.95,2915.5,1375,1744,414.95,663.3,368.5,2298.8
27828,337.35,294.4,328.6,2915.9,1414.2,1764.8,409.75,686.5,358.8,2320.4
27849,336.7,298.45,330.4,2907.6,1415.8,1799.5,415.35,709.25,376,2346.4
27188,337.3,298.3,332.25,2900.8,1450.2,1802.9,408.5,718.9,375.65,2360.2
26837,330.1,299.75,330.05,2875.7,1449.5,1861.1,411.15,696.7,368.85,2318.7
26813,335.5,296.25,332.6,2845.8,1450.3,1824.2,414.7,686.6,369,2349.1
26768,330.05,291.05,324.45,2799.5,1446.5,1814.1,413.15,688.5,368.5,2338.4
26523,322.55,291.2,322.55,2750.3,1422.4,1824.5,406.75,684.75,368.35,2310.8
26481,315.85,294.05,323.85,2730.4,1411.2,1807,402.15,623.3,360.15,2279.7
26840,321.25,292.5,323.3,2741.8,1447.5,1828.5,407.95,613.8,352.05,2353.9
26371,314.7,300,321.8,2802.8,1452.7,1916.1,405,601.4,349.8,2349.9
26425,304.95,298.85,320.85,2526.8,1506.7,1893.4,399.55,600.9,353.15,2291.1
26587,300,290.1,315.2,2501,1544.2,1910.2,400,595,345.65,2259.1
26687,290.4,291.35,317.75,2495.7,1543.2,1877.5,400.25,604.85,347.35,2285.1
26833,291.95,290.2,318.1,2471.7,1551.7,1896.3,396.6,609.5,346.85,2247.5
27116,293.45,297.1,326.7,2454.4,1554.5,1877.3,399.1,609.15,342.1,2235.6
27316,295.55,299.1,332.5,2460.5,1558.9,1894.7,394.6,600.75,338.5,2225.7
27730,301.25,297.5,327.7,2405.3,1561,1901.5,396.95,587.4,326.3,2212.5
27804,294.25,299.85,331.85,2405.6,1579.2,1899.6,397.25,587.95,324.95,2263.3
27730,302.75,304.2,323.25,2447.6,1605.2,1990.8,397.1,587.65,326.05,2268.4
27896,295.35,302.95,313,2493.2,1538,2015.6,391.45,585.05,324.4,2215.4
27812,291.4,286.95,298.8,2476.9,1521.6,1953.6,387.75,589,322.85,2164.2
27645,281.1,288.35,296.7,2397.6,1546.5,1913.7,379.9,588.3,323,2093.2
27781,278.45,293.4,287.05,2378,1547.9,1900.7,380.25,587.6,320.2,2099.9
28021,295.4,297.25,284.45,2380.2,1544.2,1914.8,380,584.4,314.4,2102.9
27946,283.1,299.2,290.35,2419.2,1555,1948.8,381.4,590.85,322.85,2123.8
28093,292.55,295.95,291.25,2366.9,1525.8,1990.4,379.15,593.15,322.85,2077.4
28209,288.6,299.7,297.05,2438,1544.2,1998.5,379.85,594.75,330.1,2099.5
28172,299.7,303.1,294.35,2447.6,1538.2,2045.7,379.75,595.6,330.15,2132.1
27688,291.45,302.3,299.1,2421.4,1535.6,2043.9,380.15,595.5,331.9,2146.6
27574,296.4,301,302.05,2394.9,1515,2064.9,377.95,593.3,331.4,2176.5
27661,289.1,299.05,296.9,2379.1,1455.5,2046.2,378.85,594.75,326.8,2156.7
27961,287.6,303.3,305.15,2423.9,1479.1,2019.8,384.15,593.65,332,2179.2
27933,277.95,311.7,305.6,2473.9,1491,2010,380.35,593.05,335.25,2185
28198,278.55,319.95,304.4,2487.1,1521,1997.7,373.25,592.75,337.25,2185.2
28446,284,319.95,306.85,2446.9,1554.8,2012.1,372.7,591.15,334.35,2192.7
28463,288.35,323.45,310.5,2427.5,1587.2,2023.2,375.15,590.9,334.3,2132.4
28420,295.45,323.5,313.9,2462.1,1568.6,2049.2,375.35,590.3,334.3,2157.5
28182,302,325,311,2495.1,1548.8,2031.6,375.25,590.75,337.45,2152.8
28505,304.1,326.15,311.3,2513.9,1569.6,2026,368.5,592.15,336.3,2113.1
28371,303.65,324.95,306.95,2407.6,1606.1,2069.7,370.45,592.5,339.85,2092.6
28112,300.55,327.85,320.6,2342.2,1637.7,2047.7,383,594.55,354.25,2105
27561,315.9,327.15,321.65,2350.5,1633.9,2088.4,401.55,594.1,342.25,2117.4
27459,314.3,322.95,326.55,2366.3,1654.8,2105.2,396.55,591.2,339.9,2113.6
27563,314.2,313.5,325.8,2366.3,1649,2130.2,401.3,591.6,333.75,2089.8
27705,309.15,310.35,322,2346.9,1667.3,2161.6,408.25,586.35,330,2065.2
28115,299.25,308.15,324.8,2358.9,1647,2151.2,415,585.25,332.3,2051.1
28187,300.6,309.65,331.1,2388.3,1687.4,2176.2,415.25,585.3,335.8,2056.6
28072,311.8,307.1,335.6,2397.4,1698.5,2364.3,417.1,585.8,331.55,2019.4
28223,304.95,300.75,336.3,2375.6,1741.8,2361.1,417.4,586.3,334.65,2047.5
28298,308,297.6,336.95,2350.8,1709.4,2413.2,424.65,585.85,334.7,2077.7
28236,315.65,298.5,337.75,2332.2,1726.6,2424.6,422.25,582.85,336.8,2115.7
28102,321.95,300.25,339.8,2360.2,1739,2414.8,411.45,586.1,342.65,2064.6
27866,322.4,294.95,337.35,2351.6,1703.7,2384.5,398.5,583.6,335.9,2025.7
27512,317.2,297,332.15,2340.3,1704.3,2291.3,395.15,582.55,335.85,2080.9
27550,311.65,303.6,342.2,2362.2,1732.2,2278.2,402.15,586,354.7,2091
28067,325.1,299.75,342.3,2370.8,1726.2,2305.9,397.45,584.9,352.95,2022.5
27878,324.15,308.9,339.85,2359.9,1659.8,2293.8,400.1,584.85,344.45,1986.5
27832,324.9,312.3,341.15,2350.6,1680.8,2294.3,406.05,586.7,342.8,1999
27932,324.05,310,342.5,2348.6,1691.8,2253.6,408.15,579.55,335.2,1993.5
27608,330.05,315.45,339.75,2341.4,1693,2256.3,404.1,573.3,326.3,1992.8
27366,320,317.95,336.35,2307.8,1665.5,2225.2,401.3,572.4,330.75,2001
25742,317.7,317.05,346.7,2286.9,1680.2,2216.6,408.9,572.35,333.45,2009.3
26032,316.7,318.7,351.55,2234.4,1668.8,2299.3,405.95,583.6,328.9,2023.8
25715,318.75,313.55,350.9,2229.1,1680.7,2264.2,407.55,497.6,324.35,1992.7
26231,318.1,319.1,350.8,2212.3,1673.5,2272.4,409.65,465.15,318.95,1990
26392,318.4,317.05,344.65,2227.1,1589.8,2289.6,406.8,478.05,320.15,1992.7
26283,304.55,311.55,330.6,2262.1,1536,2331.1,396.6,479.7,317.4,1902.9
25696,299.45,312.2,334.35,2244.4,1539.8,2286.7,397.45,482.5,316.9,1884.2
25454,300.75,299.25,332.2,2295.4,1526.3,2323.9,401.05,482.95,315.3,1904.7
25765,299.45,296.55,321.9,2281.8,1495.8,2294,400.85,482.7,313.15,1905
25202,286.15,294.9,320.95,2293.9,1483.7,2244.4,399.9,485.5,308.25,1919.5
24894,285.3,294.45,317.35,2333.9,1423.5,2181.8,397.5,474.95,299.95,1853.5
25318,279.85,299.95,315.85,2295.4,1409.8,2144.7,404.5,478,293.1,1901.5
25720,273.35,305.4,314.9,2917.8,1428,2082.1,404.75,471,285.25,1886.8
25622,275.15,307.4,315.05,2813.2,1413.3,2041.7,397.85,467.6,284.55,1899
25610,281.65,306.3,313.35,2766.3,1407.8,2021,390.65,471.45,287.15,1909.4
25857,277.1,308.45,320.45,2833.2,1416.7,1987.1,394.75,478.2,292.9,1937.8
25706,281.2,308.5,316.7,2863.8,1406,2034,386.3,471.1,291.45,1910.3
25964,270.65,310.2,311.95,2882.8,1311.2,2056.3,383.45,469.9,299.8,1890.4
26219,273.75,302.45,314.35,2964,1305.6,2066.1,389.25,462.15,307.85,1834.8
26193,280.65,308.75,321.6,2970.2,1308.7,2107.3,391.9,470.35,307.1,1838.9
25652,292.2,305.3,320.9,2943.2,1283.2,2140.1,384.3,471.55,306.45,1825.3
25823,293.4,309.15,319.15,2889.9,1279.7,2090.6,379.75,466.1,309.1,1766.3
25864,291.8,301.25,303.9,2854.3,1293.2,2072.8,379.7,472.45,306.1,1754.5
25617,297.05,297.55,313.95,2853.4,1284.8,2051.4,380.5,462.5,302.25,1766.7
25779,288.45,297.45,320.15,2860.6,1302.5,2058.4,382.25,459.2,305.2,1752
26155,294.2,298.6,319.25,2876.5,1308.2,2083.9,382.7,459.8,304.95,1767.8
26221,298,297.85,318.65,2869.2,1341.1,2120.1,388.9,468.7,307.4,1799.8
26786,281.15,298.15,322.4,2856.4,1365.3,2117.8,383.25,453.4,305.45,1794.3
26933,293.4,302.7,313.85,2861.4,1363.2,2202.9,390.8,463.55,304.1,1812
27036,308,320,324.1,2883.7,1405,2248.5,384.25,458.05,302.1,1823.5
26846,311.05,319.2,332.75,2874.9,1420.5,2261.7,385.35,455.8,302.25,1817.6
27080,315,318.95,339.85,2862.4,1373.4,2255.8,383.5,446.7,301.5,1805.2
26904,317.6,318.5,345.65,2917.6,1416.8,2179.2,387.65,444.1,298.85,1816.7
26847,315.2,320.2,344.9,2945.8,1419.2,2201.3,391.3,439,297.1,1814.5
26780,322.05,320.25,341.6,2970.2,1427.7,2205.2,391.3,438.25,297.8,1818.8
27010,323.1,313,331.95,3004.8,1451.5,2204.1,386.1,433.2,291.75,1810.2
27215,320.45,316.95,333.75,2966.4,1422,2168.4,381.9,440.65,287.55,1807.7
27365,321.7,317.6,336.55,2920.9,1431.3,2166.2,382.2,449.55,292.15,1794
27307,321.95,315.25,330.2,2903,1393,2130.6,371.25,441.05,292.9,1764.2
27288,315.5,314.2,332.1,2908.4,1424.2,2098.2,369.4,452.95,290.9,1737.6
27471,310.95,310.3,332.6,2906,1356.7,2089.3,360.75,443.9,295.1,1760.5
27362,323.55,311.65,333.7,2913.8,1409.3,2085.4,364.25,453.75,295.1,1755.2
27253,321.55,315.05,339.55,2960.1,1406.2,2213.8,361.5,452.5,290.55,1765.9
27040,311.3,325.75,343.3,2917.2,1442.5,2199,370.35,452,292.05,1804.2
26838,307.05,332.35,341.05,2836.6,1439.8,2220.8,380.25,455.4,292.05,1814
26657,309.8,340.2,338.1,2806.8,1470.5,2196.5,381.5,467.55,296.5,1816.1
26559,296.05,342.6,337.8,2819.8,1508,2210,381.85,476.7,300,1827.4
26591,304.55,338.8,334.5,2819,1512.2,2251.4,386.95,477,301.7,1823.5
26553,307.75,343.45,339.15,2776.6,1479.8,2273.7,379.5,470.1,300.3,1800.5
26304,313.85,349.65,337.65,2785.2,1472.8,2259.8,381.9,461.4,300.7,1818
26265,316.25,351,334.35,2812.9,1484.8,2233.2,381.9,464.25,300.5,1878.2
26121,312.4,347.8,327.9,2789.3,1535.4,2214.3,388,454.1,300.15,1905.6
25743,325.5,345.05,334.45,2754.7,1558.5,2255.1,392.8,459.9,300.05,1913.8
25867,321.7,338.75,334.85,2790.7,1559.9,2297.2,394.7,460.8,299.2,1900
25611,316.05,339.15,335.9,2788.3,1588.3,2294.6,380.9,452.3,301.65,1856.5
25760,321.1,344,335.65,2789.8,1625.2,2286.4,394.05,456.7,304.05,1894.2
25864,319.75,342.4,343.5,2774.4,1626.2,2327.1,404.6,454.9,304.4,1898.2
25483,326.55,349.5,344.45,2758.1,1600.5,2351,407.5,462.3,302.05,1895.6
25842,324.55,351.1,338.9,2762.3,1594.5,2365.2,402.75,466.25,306.9,1911
25868,330.95,355.75,342.65,2770.9,1608.7,2351.8,413.65,465,309.15,1946.7
25819,330.5,353.55,342.45,2788.8,1582.7,2409.9,407.2,472.95,307.4,1918.2
25776,339.4,350.75,338.95,2792.5,1602,2436.6,407.75,477.75,303.6,1934.6
25959,344.65,347.6,350.7,2798.4,1592.6,2435.4,397.05,468.5,305.6,1940
26128,348.9,342.05,357.8,2810.1,1607.2,2457.3,399.5,470.5,300.4,1942
26146,357.6,341.2,353.35,2814.7,1600.2,2490.2,398.15,475.15,299.45,1942.5
26169,359.6,343.7,348.85,2797.1,1536.5,2513.2,391.25,468.75,297.4,1929.4
26118,361,350.15,365.9,2788.8,1574.2,2458.4,406.15,460.2,292.6,1919.4
25887,367.25,350.35,370.8,2783.5,1570.1,2480.3,404.65,481.55,288.65,1913.1
25638,351.65,351.3,388.15,2798,1574.7,2464.3,403.95,495.85,290.65,1921.7
25530,355,354.8,383.8,2789.8,1545.8,2497.8,409.6,490.05,287.05,1890.2
25310,348.65,352.4,375.9,2796.2,1496.9,2491.2,407.2,500.55,285.15,1937.4
25036,353.95,352.45,372.7,2771.1,1493,2468.3,415.9,499.2,283.65,1926
25252,342.45,354.9,372.05,2789.9,1546,2432.9,418.45,504.65,283.4,1899
25044,345.25,360.45,369.95,2807.2,1539,2488.9,416.2,505.15,277.9,1912.5
25150,329.4,360.55,363.75,2712.6,1566,2498.2,421.4,498.5,273.5,1893.8
25320,324.7,365.6,367.1,2320.3,1571.5,2490.9,425.45,516.65,280.9,1908.2
25494,329.9,363.8,370.35,2328.2,1569.8,2539.2,427.2,520.35,279.8,1908.2
25804,333.2,360.15,364.45,2341.2,1574.5,2521.7,428.85,525.15,285.3,1907.7
25519,330.3,360.05,366.9,2374.7,1584,2493.4,423.3,525.5,279.2,1886.8
25736,326.7,362.85,370.55,2348.3,1544,2467,416,533.75,282.4,1888.6
25591,327.1,360.4,363.65,2336.3,1543,2484.8,417.7,531.25,283.5,1881
25850,327.75,358.75,364,2307.6,1557.7,2470.9,420.65,529.85,285.5,1837.8
25839,321.35,360,356.8,2308.3,1516.1,2448.1,417.35,530.6,287.25,1834.2
26034,320.6,355.05,356.1,2318.5,1489,2426,414.1,524.7,286.8,1828.5
26079,316.8,354,351.55,2318.4,1500.2,2383.8,416.4,520.7,289.15,1826.8
25960,318.35,353.9,347.85,2286.8,1481.8,2377.8,415.6,518.15,288.7,1826.8
26118,318.65,355.1,353.4,2311.3,1479.6,2388.8,420.45,523.2,290.05,1818.3
26161,317.45,354.15,351.15,2318.9,1479.7,2371.2,418.2,530.65,287,1819.6
25623,308.85,352.65,348.3,2292.5,1503.7,2328.3,418.9,526.6,287.8,1820.2
25580,307.15,356.4,350.6,2298.8,1517,2333.7,424.55,529.45,287.7,1845.6
25406,316.9,357.15,350.2,2295.3,1509.7,2380.1,419.8,522.9,290.1,1853.3
24852,315.95,352.7,347.45,2270.6,1474.8,2368.9,412.45,524.55,293.55,1839.5
24934,313.15,351.6,344.8,2264.6,1499.5,2371.4,409.25,522.65,293.35,1843.3
24825,300.45,353.95,347,2277.2,1474.4,2343.5,404.05,518.15,295.75,1833.7
24682,311.95,354.15,347.85,2283,1474.7,2320.2,406.5,519.8,295,1852.1
24854,316.75,356.2,348.35,2298.9,1475.5,2261.8,415.4,529.9,305.85,1874.2
24773,311.95,356.85,354.25,2294.1,1475.8,2294.8,415.45,544.3,303.6,1881.4
24455,314.1,362.45,354,2309.6,1493,2303.7,417.3,533.2,301.35,1884.5
24188,317.8,363.2,352.55,2319.7,1510,2319.5,410.2,530.9,301.45,1838.3
24480,322.5,363,353.8,2338.5,1481.2,2310.8,411.75,534.35,301.3,1847.5
24062,324.8,361.4,353.5,2382.3,1474.8,2307.2,414.3,532.1,298.05,1832
23962,330.05,363.95,351.65,2429.3,1478.4,2269.2,411.3,532.85,295,1831.5
24436,332,366.15,348.6,2436,1489.3,2238.2,413.5,536.05,296.15,1831.6
24486,331.2,365.95,352.35,2436.6,1473.5,2203.3,414,538.35,298.25,1822.9
24492,337.15,368.9,344.4,2444.8,1487.5,2170.1,405.15,547.75,297.9,1808.8
24470,330.15,362.8,339.4,2469.2,1493.3,2132.1,391.1,541.25,293.7,1785.3
24871,326.55,360.1,337.25,2416.6,1491.6,2112.2,381.45,537.35,286.65,1758.9
24825,310.35,358,340,2376,1494.2,2090.9,381.45,529.65,286.4,1740.6
24539,305.4,354.75,346.75,2384.8,1494.1,2089.7,387.75,524.2,288.95,1731
24223,308.2,354.3,347.55,2348.3,1491.8,2099.7,389.7,523.95,285.6,1735.5
24338,307.3,354.55,344.1,2325.4,1499.6,2060.7,379.8,519.9,280.1,1736.7
24617,309.25,351.45,342.25,2359.9,1494.6,2065.9,382.6,517.15,281.95,1738.2
24287,309.8,350.95,346.35,2341.8,1438.9,2094.9,380.1,521.35,274.55,1757.3
24021,301.1,348,353.2,2294.1,1466.7,2107.5,389.15,533.45,276.55,1725.8
23759,291,345.95,351.55,2339,1461,2153.4,394.35,529.15,283.85,1755.7
22952,282.65,344.6,352.2,2360.4,1453.5,2171.9,392.3,529.2,284,1776.6
22986,279.8,346.25,355.5,2349.2,1464.7,2190.7,393.5,529.8,288.5,1768.3
23554,275.3,348.45,358.45,2374.8,1460,2156.3,392.95,533.5,288.75,1775.7
23192,276.25,348.15,365.7,2399.2,1468,2243.6,395.6,534.4,289.8,1794.2
23382,271.1,351.25,363.05,2383.9,1454.5,2214.3,396.35,532.7,289.25,1785.9
23649,273.5,352.35,356.45,2378.7,1479.8,2172.8,380.45,533.55,288.3,1794.7
23709,273.3,350.45,358.6,2389.2,1466.7,2143.1,377.15,533.1,283.65,1770.7
23789,274.9,347.6,345.65,2362.8,1455.2,2152.5,374.85,537.4,279.25,1764.8
23410,280.85,346.25,348.8,2363.5,1436.2,2114.2,363.5,547.45,282.8,1756.9
23089,269,346.55,354.85,2357.3,1394.5,2109.6,354.55,550.45,283.9,1723
22976,270.1,350.95,360.7,2334.3,1363.6,2074.2,359.6,546.1,288.3,1696.2
23154,269.75,354.9,363.45,2328.8,1366.8,2170.3,355.25,551.75,285.95,1669.2
23002,266.8,357,360.45,2344.9,1366.9,2173.2,361.9,563.8,291.8,1696
23779,269.4,357.75,354.95,2352.3,1366.7,2201.8,365.05,570.4,290,1731.2
24243,271.1,357.1,358.7,2386.2,1369.8,2235.2,364.4,569.15,293.8,1729
24607,271.75,353.7,359.95,2383.3,1369.2,2241.9,359.1,566.55,297.5,1701
24646,266.65,359.35,368.45,2375.8,1379.2,2256.7,363.15,575.65,291.4,1693.8
24659,265.75,353.5,371.25,2367.8,1369.3,2276.7,361.95,573,287.6,1690
24794,270.15,353.9,378.75,2354.4,1366.7,2214.7,363.25,574.25,285.3,1691.4
24623,267.65,356.75,380.35,2365.7,1338.2,2228.9,369.1,577.9,286.15,1700.7
24718,263.3,359.4,379.35,2395.7,1371.9,2264.3,363.85,573.75,283,1687.5
24804,260.3,358.55,375,2531.4,1370,2250.6,360.2,570.3,282.9,1704.5
24551,267.2,353.3,375.55,2504.2,1378.2,2268.8,367.45,564.3,280.5,1691
24682,261.8,356.2,381.05,2536.9,1391.5,2227.2,371.5,568.1,279.5,1705.5
24677,265.2,357.2,391.9,2490.9,1383.3,2280.2,367.3,559.9,277.5,1698
24953,270.15,363.4,392.35,2527.9,1388.3,2269.8,364.15,564.5,275.7,1693.3
25285,265.85,361.6,391.85,2575.4,1391.2,2339.3,366.4,555.6,275.1,1718
25330,269.55,364.95,385.05,2578.6,1364.3,2344.8,381.1,555.5,270.3,1681.8
25338,265.65,357.85,382.85,2609.1,1357,2295.5,380.2,542.65,273.45,1645.3
24966,265.25,359.45,383.05,2534,1349.9,2269.3,380.6,544.55,271.9,1647.4
24900,264.85,357.65,383.9,2548.7,1327.6,2237.9,371.3,536.15,266.5,1622.3
25339,261.45,358.15,385.5,2586.8,1314.2,2246.6,372.6,527.75,263.2,1626.8
25342,265.2,368.5,383.45,2596.1,1321.1,2228.2,362.95,527.15,260.5,1652.8
25270,276.05,369.55,383.45,2600.4,1353.8,2197.2,356.1,518.1,255.75,1666.4
25400,278.25,371.9,386.05,2594.7,1312.8,2197.1,361.35,529.55,261.65,1643.5
24884,279.1,364.95,375.05,2615.6,1282.3,2212.6,360.5,527.75,256.45,1666.5
24901,268.35,376.2,387.9,2599.7,1275.2,2121.4,364.85,531.2,254.1,1676.3
24685,268.05,374.5,376.55,2562.6,1281.5,2150.7,369.6,532.3,253.4,1671
24674,264.7,382.35,374.2,2632.8,1261.2,2076.2,369.1,547.4,268.1,1746
25022,255.1,379.8,369.1,2551.9,1209.3,1970.5,369.55,546.6,269.7,1774.2
25146,253.65,376.25,366.7,2536.9,1219,1867.5,378.8,540.25,269.4,1766.6
25627,261.1,365.6,372.9,2528.7,1214,1858.8,389.45,532.15,266.9,1725.5
25816,261.25,366.7,366.8,2511,1205.2,1857.3,387,535.25,264.15,1714.8
25844,260.45,360.35,363.45,2495.9,1209.6,1861.3,390.75,540,263.4,1725.5
25880,254.55,361.15,364.15,2483,1204.6,1895.5,380.65,537.9,262.75,1696.7
25838,255.55,358.1,360.55,2422.2,1183.8,1887.7,374.8,525.7,260.8,1674.2
25679,252.45,358.35,354.7,2338.4,1174.5,1852.8,373.55,530.9,268,1676
26007,257.85,360.1,358.8,2362.4,1172.7,1831.7,379.25,521.3,266.25,1681.4
26064,249.65,360.45,349.7,2369.6,1159,1872.2,384.9,515.2,267.55,1669.7
25603,246.95,352.75,351.6,2373.2,1138.5,1849.2,378.15,518.25,267.55,1685.2
25607,245.7,360.5,356.35,2391,1143.7,1845,372.05,526.5,269.8,1695
25437,242.75,359.7,364.8,2389.7,1168.5,1840.2,366.3,522.85,269.4,1689
25230,242.3,359.25,365.9,2423.4,1162.7,1829.3,366.8,523.3,268.05,1697.5
25102,248.95,364.25,365.05,2410.6,1168.6,1843,368.15,521,265.35,1672
25262,249.1,366.9,366.9,2445.3,1190.2,1846,366.9,518.85,265.15,1679.2
25228,248,358.8,365.65,2471.5,1179.9,1894.8,363.7,518.95,263.9,1671.8
25689,248.7,355.35,367.2,2429.4,1183,1912.5,360.25,511.55,261.6,1676.5
25773,248.7,352.05,369.85,2407.1,1185.1,1912.7,359.9,513.5,261.1,1659.1
25597,258.65,350.45,360.55,2351.4,1177,1913.8,354.85,502.1,261.85,1670
25790,262.1,352.95,366.85,2314.2,1172.4,1896.3,355.95,494.55,258.15,1653.6
25490,259.9,353.25,375,2329.9,1183.5,1893.7,348.95,495.05,267.75,1646.3
25653,260.5,347.55,368.9,2318.9,1186.2,1910.2,349.95,490.6,266.85,1640.8
25774,259.95,348.6,367.6,2313.2,1163.5,1905.8,349.85,497.7,267.75,1645.9
25705,255.75,352.45,369.2,2279,1145,1888,351.95,487.3,265.85,1650.2
25400,256.85,345.45,366.55,2281.9,1139.7,1972,351.15,475.95,261.9,1657.1
25302,274.4,344.85,377.4,2255.7,1146.9,2061.1,351.85,470.3,261.05,1657.4
25230,293.8,343.7,365.65,2213.6,1134.2,2059.3,351.4,466.5,258.25,1657.6
25305,296.15,343.95,356.75,2209.3,1120.3,2018.2,349.95,467.15,259.35,1672
25881,296.45,346.95,352.2,2205.8,1125,2005.5,349.45,468.5,261.35,1645.4
26367,298.55,349.5,353.35,2219.1,1124.2,2014.7,353.45,470.25,258.75,1636.5
26654,297.55,359.3,353.9,2227.4,1133,2032.7,338.55,466.95,257.7,1614.5
26726,300.15,356.05,356.1,2209.4,1120.2,2005.2,333,466.25,257.9,1625.7
26668,308.7,353.7,344.7,2148.8,1110.7,2031,326.55,464.7,254.4,1621.1
26714,307,349.05,343.9,2125,1107.8,1941.2,328.15,461.95,249.45,1622.8
26843,300.8,351.25,344.05,2167.8,1103,2017.2,327.15,464.55,254.6,1614.3
26843,301.2,356.2,342.65,2169.3,1105.2,2070.7,325.85,476.05,250.5,1626.3
26777,308.15,355.2,338.35,2186.2,1079.9,2094.8,327.9,442.85,249.5,1627.9
27010,303.85,360.95,354.35,2217.6,1144.5,2092.6,326.5,445.85,252.9,1611.2
27021,314.25,359.6,357.05,2242.8,1117.3,2134.6,332.05,446.4,254.1,1655.6
26763,317,359.25,355.55,2175.8,1224.3,2157.8,329.7,445.55,254.75,1672
26636,324.6,354.25,355.8,2170.8,1196.6,2185.9,331.55,445.3,255.35,1703.5
26397,323.6,351.5,354.8,2172.6,1202.8,2198.8,332.75,441.3,251.9,1675.5
26396,319.65,354.05,362.2,2227.8,1183.7,2194.4,328.9,441,253.65,1646.3
26726,307.8,354.7,360.15,2265.2,1195,2179.3,326.4,442.85,251.75,1649.2
26525,306.25,353.65,357.9,2466.3,1203,2216.8,324.3,441.3,253.9,1646.5
26626,315.85,353.55,357,2459.1,1221.3,2216,327.05,446.3,258.15,1658.2
26867,321.45,350.55,351.65,2436.8,1189,2222.2,322.35,443.65,251.35,1642.8
26813,316.7,351.4,356.85,2443.8,1216.7,2206.5,327.9,445.2,252.7,1633.2
26766,321.5,348.95,360.8,2480.2,1240.7,2218,324.45,440.15,250.05,1630
27002,323.95,353.8,362.05,2479.3,1221.8,2232.2,316,438.05,246.15,1641.3
26398,326.5,356.6,361.85,2495.8,1191.2,2224.2,314.35,442.4,246.85,1668.2
26403,319.5,349.75,355.2,2501.1,1180.6,2183.9,315.9,447.05,250.1,1643.6
26525,309.85,347.4,351.65,2502.6,1169.8,2179.6,316.4,454.35,258.95,1649.2
26740,305,347.9,345.75,2472.7,1118.5,2159.2,307.65,450.4,251.45,1611.2
27000,303.45,343,354.4,2468.6,1120.3,2095.4,308.35,452.7,247.8,1607.9
27145,305,338.8,352.85,2442.5,1112.2,2113.4,308.25,451.05,247.25,1599.8
27279,306.3,336.8,343.45,2468.3,1114,2116.1,306.6,460.35,250.05,1586.6
27167,308.7,337.6,340.85,2475.1,1101.4,2114.9,313.7,460.35,250.55,1581.8
27201,310.75,341.85,340.05,2492.2,1090.5,2156.8,309.8,460.1,251.35,1588.2
27127,312.05,338.2,339,2470.7,1078.4,2177.9,308.6,454.6,246.25,1589.5
27627,310.7,343.95,336.15,2478.6,1090.8,2116.7,309.75,448.9,249.1,1543.8
27808,314.75,339.25,327.45,2510.9,1091.5,2103.1,305.15,445.85,243.05,1542.9
27815,309.1,339.95,334.15,2520.1,1108,2087.7,308.65,450.1,248.1,1580.5
27942,311.9,330.95,333.25,2498.2,1078.9,2182.8,305.6,440.75,244.3,1555
27836,305.35,333.55,336.65,2471.2,1107.5,2154.2,303.85,445.9,243.6,1571.3
27747,307.65,335.75,337.6,2457.2,1146.3,2222.2,304.2,432.8,243.05,1581.7
27788,308.7,331.3,336.85,2426.9,1109.3,2206.9,302.25,435.1,239.5,1610.9
27916,304.55,326.6,331.7,2419.2,1124.5,2164.6,309.2,428.35,239.7,1621.5
27711,303.85,325.05,321.85,2452.9,1143.5,2180.1,308.55,422.6,236.55,1618
27803,300.6,321.9,326.2,2410.1,1108.7,2167.8,308.95,420.15,234.15,1614.8
28095,296.75,316.3,320.95,2389.3,1078.7,2159.4,308.55,408.1,225.85,1618.8
27977,287.05,319.8,319.5,2388.3,1068,2080.2,304.55,412.5,230.2,1622.1
28024,294.65,321.3,331,2387.8,1073.9,2046.2,308.55,419,233.8,1650.1
28209,300.95,321.7,322.45,2439.8,1106.5,2026.2,309.65,426.7,230.25,1690.8
28052,302.1,319.45,323.8,2422.4,1150.9,2055.6,306.35,421.4,231.9,1684.8
28003,301.8,321.8,329.6,2406.9,1127,2097.5,310.75,416.9,231.2,1701.2
27982,299.95,315.05,327.5,2387.7,1103.7,2120.3,312.9,417.5,234.85,1696.6
27698,302.3,313.25,336.3,2372,1117,2100.3,309.15,420.95,231.75,1692.6
27714,298.65,309.6,325.35,2376.7,1145.2,2005,310,424.7,233.5,1704.3
28078,297.8,308.1,323.95,2348.2,1151.2,1970.8,309.2,425.65,231.95,1675.6
28183,281.95,305.9,313.95,2342.3,1153.2,1956.5,311.95,422.85,232.6,1660.6
28085,294.6,310.45,320.3,2344.5,1207.5,1938.5,312.8,426.75,235.25,1650.8
27775,295.1,303.15,317.45,2385.4,1165.1,2007.4,315.95,430.9,239.2,1660.5
27860,297.3,306.45,310.85,2371.3,1205,1942,313.9,428.5,234.85,1661.9
28152,298.3,308.3,310.1,2366.4,1192.4,1848.1,322.05,428.1,228.05,1665.2
28065,298.15,313.9,314.6,2411.2,1214.8,1829.2,324.25,431.85,230.7,1655.7
28005,303.5,315.5,318.65,2338,1246.9,1860,320,432.5,233.85,1671.2
28123,307.45,314.45,318.5,2311.8,1234,1840.2,318.9,430.95,233.8,1661.7
28077,307.1,321.55,322.35,2348.2,1260.5,1852.2,325.55,432.2,238.75,1699.7
27986,309.7,326.45,322.55,2367.7,1302,1843.8,322.6,432.2,240.05,1684.6
27990,309.8,334.9,324,2391.9,1303,1887.6,324.95,431.05,227.3,1710.1
28060,315.1,328.2,318.8,2430.6,1314.7,1959,326.85,429.8,236.7,1714.3
27836,315.4,329.6,320.6,2441.2,1283.2,2026.2,325.2,434.9,238.1,1748.3
27782,312.35,337.5,324.9,2484.3,1291.4,1993.6,317.4,433.6,242.05,1744.5
27903,315.05,345.85,328.5,2471.2,1332.1,2085.2,317.45,425,244.5,1760.8
28343,317.95,352.55,330.4,2462.6,1369.9,2139.4,311.85,416.35,245.55,1760
28452,310.3,351.35,330.2,2396.8,1397.1,2137.9,310.65,416.8,246.75,1781.3
28423,307.55,351.35,329.35,2390.2,1379.3,2131.1,310,416,245.7,1780.9
28532,307.6,359.4,324.4,2358.2,1380.8,2125.7,309.15,414.85,249.1,1771.8
28978,309.1,349.65,336.6,2348.8,1382.2,2159.2,311.95,419.1,245.7,1779.2
28926,313.25,356.1,348.25,2348.6,1365.5,2171.7,314,420.2,245.05,1766.8
29045,306.35,354.9,352.6,2311.9,1375.3,2188.4,315.05,416.85,244.75,1778.5
28797,312.65,362.55,360.8,2406.2,1390.8,2192.1,321.1,422.5,245.3,1797
28354,324.15,361.3,360.85,2404.2,1389.3,2260.4,319.05,426.8,244.45,1808
28372,323.2,347.9,367.35,2373.1,1349.9,2271.3,314.3,423,241.75,1768.3
28413,321.75,350,364.65,2380.8,1341.6,2289.6,314.6,422.1,246.15,1757.5
28599,322.85,339.2,355.55,2369.3,1342,2299.9,312.45,421.2,241.1,1758
28634,316.85,337.75,355.75,2403.3,1323.3,2265.4,313.95,424.1,236.2,1740.1
28523,322.45,332.7,358.2,2750.1,1312.6,2211.4,312.1,420,234.05,1695.2
28507,323.75,331.45,354.55,2802.3,1272.8,2224.1,310.6,415.3,229.1,1730.3
28773,322.85,333.25,356.55,2776.8,1275.5,2160.3,310.55,414.4,228.95,1718.2
28668,330.35,336.6,363.15,2822.8,1284.2,2151,310.05,403.8,224.05,1745.9
28294,330.4,341.6,371.35,2850.4,1318.3,2101.3,305.95,399.55,227.15,1709.9
28224,330,342.75,382.05,2855.2,1308.5,2164.3,311.15,403.9,226.9,1694.3
28293,336.7,340.55,377,2853.8,1336.8,2170.9,308.45,405.9,226.3,1740.1
27828,339.95,343.1,374.95,2864.9,1349.1,2129.4,304.55,409.9,226.85,1758.7
27866,336.75,332.8,368.1,2791,1300.2,2095,299.45,408.4,224.65,1706.2
28243,333.2,331.15,365.15,2841.6,1287.6,2061.6,300.65,412.3,226.7,1698.7
28335,337.05,330.4,364.7,2875.3,1275.2,2081.2,299.95,416.05,225.5,1680
28221,337.75,332.7,363.7,2831.4,1298.4,2129.8,289,402.3,222,1660.2
28106,327.9,334.65,370.85,2870.3,1308.6,2118.3,301.35,403.25,222.45,1665.2
28061,335.7,338.9,362.2,2827,1331,2165.2,299.75,396.05,219.7,1661
28082,323.75,330.95,367.9,2866.9,1360.8,2160.6,306.05,402,222.9,1673
27643,332.5,327.1,363.9,2825.3,1357.4,2233.6,304.5,394.6,223.3,1674.9
27674,322.8,334.85,363.55,2833.1,1362.5,2184.2,300.6,393.25,220.45,1675.6
27530,325.1,342.25,367.05,2866.1,1373.7,2159.7,302.3,390.45,216.1,1679.9
28051,327,340.75,374.4,2881.8,1366.5,2227.9,307.7,388.15,208.5,1680.5
27984,331.95,348.5,374.1,2879.3,1368.3,2299.4,309.7,381.3,212.3,1682.7
28130,338.05,342.2,370.25,2859.4,1367.9,2351.5,307.4,381.75,208.9,1695.2
28077,338.9,336.15,354.3,2816.8,1337.6,2327.7,302.5,380.55,206.85,1696.8
28179,338.75,334.85,348.75,2859.8,1341.9,2310.2,308.15,382.05,208.3,1699.3
28091,338.9,326.85,349.95,2879.6,1309.1,2222.3,308.35,384.3,209.85,1688
27837,329.55,330.2,351.3,2849.1,1328.8,2141.1,306.25,380.85,210.4,1686.8
27916,335.95,328,353.45,2809.3,1315.5,2151,312.85,381.55,207,1673.5
27942,348.7,331.5,371.6,2859.4,1319.5,2174.2,312.45,381.4,205.05,1684.3
27930,349.05,330.7,370.95,2846.6,1323.2,2250.8,315.6,382.55,205.1,1673.8
27877,350.2,333.45,373.3,2848.8,1314.5,2245.7,315.45,380.15,206.7,1666.7
27527,346,333.15,374.15,2875.4,1256.2,2219.8,316.8,380.2,207.75,1638.7
27430,349.25,330.55,374.05,2871.4,1269.2,2243.4,319,380.5,210.6,1646.2
27274,343.4,322.95,370.4,2880.3,1255,2229.6,313.75,380.1,212.3,1629.5
27459,340.8,327.25,374.9,2947.3,1284.3,2125.1,313.9,385.25,209.45,1627
27591,342.3,322.65,373.45,2935,1279.2,2206.8,316.1,386.8,208.5,1626.8
27253,338.35,322.5,374.5,2952.7,1306.5,2261.2,318.5,378.4,208.25,1644.9
27518,347.35,325.4,380.75,2937.2,1309.4,2257.8,322.1,382.1,207,1644
26819,359.3,324.85,380.75,2950.6,1320,2451.8,321.55,385.25,205.3,1633.2
26305,349.55,321,385.4,2903.3,1357.2,2416.8,325.45,383.7,203.85,1620.3
26299,350.25,339.45,396.8,2867.2,1303.7,2349.1,318.55,388.05,202.8,1620
26228,349.7,334.6,385.55,2800.4,1265.2,2250.5,320.95,391,202.35,1610.9
26150,342.45,336.3,387.8,2784.3,1225.5,2198.4,342.45,391.15,202.75,1626
25765,347.5,331.6,385.75,2782.7,1245.2,2129,349,387.75,203.2,1619.8
25961,349.9,333.05,388.95,2807.2,1270.5,2172.5,351.75,392.45,202.85,1639.3
26052,350,332.8,390.85,2768.7,1267.9,2181.9,351.45,388,204.3,1620.5
25860,354,325.35,378.8,2725.1,1245.1,2175.4,353.65,382,205.3,1634.2
26316,378.95,327.25,389.3,2776.3,1253.6,2152.1,352.4,386.7,202.5,1644
26350,388.5,326.2,390.9,2779.9,1234.5,2163.1,344.85,400.7,200.55,1670.5
26394,388.6,321.8,388.35,2753.4,1215.7,2103.1,339.7,390.2,198.8,1635.2
26653,385.95,317.15,376.5,2734.8,1213.8,2072.7,348.5,385.1,201.55,1675.5
26560,361.1,325.65,372.85,2743.3,1187.5,2077.1,349.15,379.35,203.35,1687.8
26231,364.9,335.7,368.85,2705.9,1194.2,2061.1,342.7,382.25,200.95,1655.1
26349,357.85,340.5,373.25,2720.6,1208.2,1990.7,344.75,390,202.05,1643.6
26393,374.85,342.75,366,2659.8,1185.8,2042.6,341.55,392,206.1,1647.4
26237,359.4,329.9,367.3,2620.1,1157.6,2056.6,344.4,393.05,205.4,1645.4
26694,355.75,334.4,369.95,2599.9,1162.5,2041.3,340.55,395.1,204.25,1645.4
26747,352.3,343.8,373.05,2583.6,1099.1,1940.7,335.35,390.8,201.35,1645
26515,341.95,350.3,369.1,2591.9,1128.7,1931.8,331.8,391.6,208.85,1696.3
26698,342.05,340,364.8,2610.6,1097.5,1883.7,332.55,392.35,209.35,1657.3
26603,344.9,351.3,370.25,2660.2,1110,1863.6,337.95,396.75,208.3,1642.4
26519,344.6,340.5,371.9,2634.1,1004.6,1842.8,332.8,386.15,209.1,1641
26490,339.85,343.6,373.45,2585.6,976.4,1816.7,337.7,392.25,206.75,1655.5
26375,334.55,325.5,385.75,2588.6,994.2,1777.2,339.3,393.2,204.45,1654.7
26308,326.05,320.2,381.2,2826,988.9,1760.7,340,392.6,203.15,1648.8
26242,325.55,317.75,380.9,2863,986,1725.8,345.3,395.55,205,1617.3
25980,330.65,314.7,381.5,2836.2,971.95,1702,344.2,392.6,201.5,1599.5
26041,321.2,319.8,383.25,2837.5,954.75,1637.8,335.8,396,201.6,1604.8
25807,330.9,318.15,382.7,2830.7,949.15,1669.8,337.7,397,202.1,1601.4
26213,330.2,320.8,381.1,2838.9,932.7,1676.2,334.95,393.3,199.65,1581.9
26211,344.35,326.5,393.2,2854.2,948.4,1691.7,329.85,395.45,199.5,1591.7
26366,347.4,326.8,392.45,2864.6,952.5,1695.2,327.1,407.7,200.15,1605.7
26626,357.95,311.7,387,2804.8,936.8,1706.5,320.55,402.4,198.4,1567.2
