Index, acc, ambuja, auropharma, bajaj, bhel, adani, asianpaints, axis,baroda, bpc
8185.8,1328.4,206.2,669.05,2633.8,121.05,268.1,891.35,450,152.85,634.55
8103.6,1308.8,203.9,648.05,2655.4,119,264.8,881.3,444.15,151.2,639.65
8034.9,1296.3,201.35,651.8,2631.6,119.3,268.05,876.6,439.5,150,615
8032.9,1294.9,202.7,645.4,2633.6,119.3,266.8,876.35,437.45,149.85,615.6
7908.2,1286.8,198.1,624.55,2596.7,117.05,259.35,867.15,431.75,147.25,602.6
7985.8,1296.2,200.15,647.85,2621.3,119.1,262.95,873.75,438.45,152.95,611.25
7979.1,1289.4,200.3,658.3,2566.6,119.05,263.9,869.55,448.45,155.1,612
8061.3,1300.7,202.35,666.45,2585.7,120.95,273.75,866.3,457.9,157.15,613.6
8082.4,1293.8,204.55,673.45,2585.4,120.65,272.25,868.7,461.6,155.65,611.6
8104.4,1278.7,201,699.55,2646.3,121.55,276.4,879.7,467.5,159.3,611.8
8139.5,1296.4,202.45,691.05,2658.9,122.8,280.1,900.9,472.75,159.6,605.35
8153.6,1315,201.95,694.85,2674.7,125.4,284.55,905.8,477.1,159.95,615.1
8182.5,1313.1,205.15,703.55,2649.4,125.2,283.7,913.25,466.95,158.3,620.7
8221.8,1336.8,206.6,718.2,2659.4,125.75,286.1,908.95,452.35,160.4,627.05
8170.8,1346.2,209.05,715.4,2652.8,127.5,281.4,910.25,444.6,158.95,611.55
8261.8,1380.8,216.05,723.1,2719.6,129.1,285.75,941.65,456.3,162.1,635.25
8246.8,1358.8,213.5,722.25,2773.8,129,286.25,935.4,449.5,158.5,637.4
8102,1350,209.4,722.8,2701.7,127.6,277.1,932.7,447.55,157.85,632
8143.1,1348.2,210.35,730.75,2728.1,128.1,272.05,934.1,456.7,162.25,613.35
8128.8,1342.2,209.75,724.95,2737.5,128.6,269.25,937.95,461,162.5,604.9
8086.8,1322.9,204.75,719.4,2702.4,127,266.4,905.55,459.8,161,610.05
8192.9,1336.4,206.75,743.5,2685.2,128.8,275,939.05,465.9,161.6,629.9
8224.5,1342.6,210.4,739.85,2683.8,130.35,277.75,969.85,469.75,164.25,644.05
8142.1,1322.5,205.25,740.15,2661.8,129.45,276.3,958.4,465.3,161.8,643.2
8126.9,1314.8,204.2,735.9,2637.4,127.65,272.2,938,472.8,162.95,651.2
8114.3,1313.3,203.1,739.9,2612.8,126.85,265.3,945.15,471.35,167.85,639.65
7965.5,1323.8,201.05,710.95,2632.3,124.4,258.05,937.7,468,167.25,639.05
8033.3,1302.8,198.3,731.2,2595.8,125.05,263.5,942.5,480.45,162.4,634.15
8002.3,1292.1,195.55,718.8,2600.6,124.5,260.5,907.35,471.3,163.2,642.05
7929.1,1272.9,193.4,711.8,2527.6,128.7,255.15,899.7,465.85,161.45,633.6
8074.1,1311.5,198.95,721.95,2574.6,134.2,260.8,907.25,473.45,176.7,642.6
8080,1303,194.2,712.35,2544.3,133.6,264.1,918.25,474.4,174.7,635.6
8111.6,1333.8,202.4,714.55,2610.8,131.7,264.35,934.35,472.05,173.25,634.65
8108.5,1346.5,209.95,732.95,2575.8,133.85,266.9,892.2,479.15,174.35,644.4
8296.3,1398.4,219.45,771.9,2648.1,136.45,276.5,963.6,498.4,160.7,649.45
8525.8,1458.7,230.7,790.45,2735.3,140.65,293.7,1014.5,506.55,164.8,664.8
8432,1454.1,231.3,759.6,2781.6,138.9,282.25,1051.3,487.75,151.15,660.75
8543.5,1503.8,244.15,756.75,2865.7,143.15,290.9,1056.5,490.8,149,660.7
8497,1486.5,241.65,766.6,2828.1,139.15,293.65,1037.7,484.4,148.05,657
8433.8,1491.2,240.85,726.75,2813.3,134.9,288.55,1042.7,478.1,142.45,643.15
8485,1508.9,243.2,769.95,2831.4,137.75,288.1,1037,475.55,146.65,645.05
8514,1490.8,240.6,789,2817.7,137.3,299.85,1062,475.7,149.9,659.95
8626.2,1506.8,244.4,808.9,2824.7,141.55,304.6,1075.8,475.45,154.95,676.05
8638,1515.9,240.7,817.35,2833.4,138.8,305.25,1075.3,487.8,155.75,670.45
8615.2,1519.2,241.9,812.4,2834.7,138.85,307.05,1070,486.6,155.85,668.4
8615.2,1527.8,244.05,805.8,2764.3,138.25,304.95,1086.3,485.25,153.05,676.15
8691.3,1543.7,247.95,806,2818.7,139.55,305,1122.7,486.5,155.15,676.2
8709,1552.4,247.95,824.25,2799.9,140.35,312.6,1140,529.05,156.85,685.2
8693,1567.3,246.5,817.9,2789.3,141.25,285.65,1127.5,521.3,158.3,686.05
8699.4,1562,247.75,823.5,2798.9,141.7,285.75,1153.5,526.6,156.25,667.8
8659.1,1612.1,252.35,826,2788.2,142.1,285.2,1167.2,538.8,157.65,662.3
8677.9,1608.7,250.7,828.15,2787.2,141.25,271.35,1169.5,535.35,155.2,660.3
8520.4,1620.1,251.45,833.85,2790.8,136.15,266.7,1177.2,532.3,155.65,656.25
8583.4,1605.4,246.45,809.4,2754.3,131.75,250.9,1182.9,518.85,150.9,658.15
8573.3,1640.5,253.35,823.85,2804.8,133.2,254.45,1207.8,520.65,154.15,667.65
8708.8,1632.8,252.8,821.2,2823.8,132.35,251.65,1212.9,518.75,154.3,656.85
8697.6,1670.4,256.95,855.7,2874.8,135.15,264,1212,531.4,162,657.7
8709.5,1626,253.45,855.8,2883.9,135.55,267.05,1185.6,533.35,163.9,663
8744,1629.3,253,856.6,2825.9,136.25,264.65,1208,530.95,164.65,672.3
8769.2,1638.5,256.7,865.15,2857.2,137.05,265.75,1208.8,535.7,169.5,648.05
8738.1,1638.5,256.7,867,2857.2,137.9,265.75,1208.8,546.8,169.5,637.65
8611.2,1636.2,256,869.45,2894.3,137.2,268.3,1192.3,550.95,169.8,627.85
8591.2,1633.9,258.95,854.9,2882.6,134.65,264.45,1191.6,541.85,168.75,612.7
8745.2,1595,252.8,825.05,2832.2,133.1,256.75,1162.1,538.75,167.3,609.55
8706.4,1587,254.9,868.25,2844.6,143.75,256.95,1168,549.15,161.75,616.6
8723,1616.7,260.5,858.45,2913.9,141.1,270.5,1194.2,541.1,168.5,610.05
8831.5,1606.6,258,837.8,2871.1,142.85,264.5,1193.8,547.6,164,621
8867.5,1606.4,255.3,842.45,2890.8,146.2,270.45,1180.4,557.4,166.55,602.2
8777.2,1616.5,258.95,857.15,2926.6,147.1,275.25,1189.3,591.95,169.1,597.75
8775.9,1665.8,265.45,806.15,2925.5,144.3,275.2,1192.3,598,169.45,586.55
8808.4,1631,264.1,805.35,2902.9,145.75,269.65,1169.3,592.95,164.7,585.6
8779.8,1635.4,266.7,804.6,2888.1,147.25,270.15,1166.8,594.45,166.8,586.8
8742.5,1648.2,266.6,785.55,2945.8,146.7,276.1,1163.5,601.15,166.4,576.65
8726.6,1627.3,262.5,781.9,2980,150.3,271.75,1156,588.75,165.15,568.9
8715.6,1606,261.1,783,2931.9,146.4,267.2,1170.3,602.3,166.6,575.6
8866.7,1619.2,264.2,783.75,2980.1,147.5,264.95,1163,592.2,168.3,565.9
8952.5,1582.5,260.7,802.7,2955.3,154,259.6,1154.5,613.2,161.7,588.45
8918,1653.2,272.6,807.85,3034.1,156.85,271.45,1171.6,629.2,171.9,587.2
8943,1692,275.9,782.65,3090.6,159.8,275.2,1183.5,625,174.75,589.85
8809.7,1692.1,273.95,778.35,2985.8,138.35,271.9,1177.7,635.95,174.8,598.85
8774.7,1698.8,277.05,779,3006.7,136.6,270.55,1200.7,599.15,169.45,586.55
8786.2,1668.1,276.3,774.2,2999.8,135.6,268.15,1166,596.2,166.4,586.85
8744.3,1687.8,277.5,790.65,2996.6,139.05,258.95,1155.3,595.65,161.2,602.35
8607.5,1707.7,279,798.35,2980.9,140.65,262.7,1159.2,591.1,162.85,607.35
8572.5,1689.5,274.3,785.1,2982.2,140.7,263.2,1146.8,588.8,164.15,598.35
8592.2,1635.4,264.15,789.5,2884.3,139.5,262.3,1111.2,586.8,160.3,595.8
8650.3,1638.5,265.65,789.25,2857.2,140.85,257.55,1123.2,586.4,158.45,597.4
8632.6,1646.6,264.9,787.55,2863,136.75,262.15,1107.3,583.65,161.8,581.8
8629.2,1648.2,267.1,736.3,2872.2,136.95,270.3,1119,582.3,163.15,577.1
8666.9,1655.5,270.65,750.1,2875.2,143.55,272.5,1124.5,580.15,164.25,596.95
8673.2,1659.2,270.55,763.65,2931.4,141.9,270.6,1113.5,588.4,160,592.2
8624,1689,276.3,753.65,2931.5,140.15,273,1115.2,593,161.65,586.85
8642.5,1690.9,272.05,747.35,2942.8,137.85,274.4,1108.5,589.35,154.6,587.4
8592.2,1674.6,269.4,735.15,2932.9,137.35,266.65,1113.4,583.25,151.15,596.25
8575.3,1664.8,269.6,746.85,2875.7,138.3,273.05,1129.3,590.75,149.7,580.1
8678.2,1652.5,263.8,750.05,2867.4,136.5,257.3,1138,568.1,149.35,595.45
8711.3,1621.8,259.95,747.6,2844.7,136.25,253.6,1144.5,567.05,145.95,583.45
8683.2,1623.5,260.4,764.25,2849,139.65,258.55,1130.3,572.1,160.3,595.7
8551.1,1684.8,270.55,771.75,2864.2,140.1,239.55,1145.9,569.25,158.35,605.8
8544.8,1711.5,276.2,770.1,2873,137.75,240.4,1149,565.45,157.15,585.85
8622.9,1720.7,275.7,752.2,2859.8,133.9,233.85,1143,545.7,157.5,570.05
8636.5,1662.2,264.35,748.5,2739.8,133.2,227.9,1126.7,548.9,155.5,573
8638.5,1664.3,262.75,765.2,2716.3,138.75,223.3,1143.4,549.65,148.8,580.2
8666.3,1665.9,263.95,788.2,2748.4,141.8,224.75,1123.1,550.2,151.1,595.1
8615.8,1691.4,270.95,792.3,2735.4,145.8,228.45,1120.3,546.05,147.55,592.55
8590.7,1690,271.15,779.2,2702,149.3,231.95,1114.7,543.3,152.2,583.4
8635.7,1681.8,271.4,793.5,2660.6,148.5,225.3,1127,548.65,154.4,587.85
8541.2,1663.8,267.75,784.55,2668.8,147.2,228.45,1061.8,553.65,154.7,588.45
8510.1,1672.8,269.95,799.2,2670.2,147.1,224.35,1060.7,538.3,154.2,593.3
8565.8,1678.1,268.6,799.15,2700,141.05,226.1,1068.8,537.55,155.75,583
8528.5,1684.2,264.9,790,2720.8,139.85,224.5,1045.3,538.25,150.9,576.85
8508.7,1700.9,266.05,797.95,2764.9,144.25,223.3,1040.2,558.45,152.25,574.9
8541.4,1633.5,262.2,759.3,2769,139.5,220.8,1029.3,564,157.7,572.05
8565,1603.9,262.5,750.65,2750.2,139.75,220.3,1027.2,570.05,158.45,554.5
8519.5,1596.5,259.7,760.75,2755.8,142.8,218,1029,564.75,159.1,555.45
8521,1613.8,260.9,774.05,2688.4,144.5,219.8,1025,560.05,164.5,553.25
8467.9,1624.7,262.5,774.15,2661.6,141.55,216.8,1019,556.65,163.7,545.1
8323.2,1612.6,260.55,778.85,2655.7,138.3,216.6,1009.5,560.85,159.8,1120.1
8337.9,1618.8,260.65,786.8,2652.2,139.25,217.55,1018.6,544.35,160.75,1132.6
8336,1613.2,260.2,778.15,2649.2,137.85,216.95,1027,546.45,162.2,1113.9
8370.7,1597.8,257.65,763.1,2606.4,140.05,207.05,1010.9,542.45,154.8,1115.1
8328.3,1603.4,257,769.15,2610.4,139.4,210.4,987.4,539.6,158.05,1098.2
8287.8,1586.8,253.2,757.35,2613.9,138.05,214.35,985.2,543.9,159.5,1107.1
8204,1604,252.9,745,2650.8,131.9,213.2,1001,542.8,159.8,1091.9
8127.9,1615.1,252.9,743.4,2668.9,127.65,204.55,1002.4,533.45,156.55,1069.9
8094.7,1613.7,254.35,737.1,2686.2,121.95,206.7,1003.6,517.35,154,1053.8
8088.6,1598.2,255.65,730.05,2644.8,119.2,203.5,992.85,514.8,153.9,1051.7
8270.5,1599,251.9,722.85,2626.2,119.05,203.4,980,514.25,154.35,1037.9
8203.7,1600.2,254,700.25,2651.6,118.25,204.6,974.05,510.35,151.85,1011.9
8219.9,1564,248.3,726.3,2679,122.55,202.35,988.7,526.5,146.95,1023.8
8238.5,1574.9,248.85,720.85,2651.2,122.6,207.7,983.95,515.95,152.15,1008
8170.2,1567.1,242,722.05,2626.7,121.85,207,985.05,517.45,148.95,1006.4
8140.8,1556.2,240.25,738.45,2625.2,123.95,203.2,980.95,524.65,149.95,1005.5
8206.6,1570.4,241.35,726.6,2612.1,122.3,206.75,991.9,526.7,151.9,1004.8
8108.9,1551.8,235.4,736.55,2577.1,121.3,207.3,997.85,523.65,150.7,1008.9
8110.6,1547.9,234.5,742.4,2566.4,122.55,207.45,1006.8,528.5,151.85,1010.6
8170,1558.6,237.85,750.1,2602.1,121.4,207.4,998.35,530.35,151.75,991.15
8203.6,1537.3,233.8,749.55,2561.2,120.35,207.85,985.65,531.55,148.8,1009.4
8273,1549.2,235.7,744.9,2587.2,123.65,202.45,994.55,541.3,145.9,986.95
8266.5,1551.8,234.75,752.05,2585.1,121.2,202.55,991.7,542.2,146.45,998.7
8201,1532.5,232.5,773.8,2593.2,121.4,202.05,999.55,539.15,148.95,980.05
8220.8,1545,237.95,772.9,2631.6,119.25,203.7,1019.3,534.4,147.85,977.5
8219,1541,234.35,779.3,2642.2,118.05,205.65,1032,534.1,145.25,993.55
8180,1536.7,229.2,789.35,2633.2,117.95,203.95,1025.1,542.8,142.95,1012.9
8160.1,1536,228.2,789.5,2635,119.95,204.35,1025.6,524.35,140.2,1002.1
8178.5,1547.8,229.5,789.25,2594.8,118.25,204.95,1021.4,513.35,141.35,987.5
8156.6,1547.9,230.9,785.55,2602.7,120.7,202.2,1019,515.6,138.75,981.35
8069.6,1531.8,228.7,754.45,2618.9,120.75,192.6,984.1,513.3,142.7,998.95
7934.9,1535,228.75,763.95,2608.8,128.2,190.3,985.05,513.1,138.45,1010.9
7748.9,1521.7,229.4,744.2,2567.4,128.45,191.55,998.05,519.2,138.7,926.4
7731,1501.6,224.7,742.1,2505.2,122.65,184.8,991.5,502.35,134.95,916.1
7749.7,1475.3,222.5,727,2478.8,117.55,182.7,982.45,489.3,133.3,895.65
7783.4,1446.2,215.45,759.25,2384.5,118.55,180.35,956.25,486.3,129.9,921.3
7870.1,1420.3,212.7,770.4,2416.8,119.25,181,947.15,490.85,131.75,920.95
7890.8,1395.7,209.15,770.05,2461,119.2,177.85,956.15,490.3,135.55,941.85
7860.8,1412.2,213.65,783,2440.7,119.8,171.85,956.95,501.35,137.05,932.15
7814.9,1437.3,216.4,776.35,2466.4,121.2,183.1,964,503,142.65,943.1
7900.4,1452.8,216.9,789.2,2513,121.55,183.4,969.9,486.85,141.75,920.9
7848.9,1456.5,216.8,786.05,2518.6,122.7,185.8,951.6,490.8,142.2,925.6
7887.8,1452.8,216.95,801.35,2514.3,125.85,188.4,942.5,492.45,154.95,925.25
7866,1462.5,220.65,817.2,2550.4,126.25,195.2,926.75,498.4,157.7,920.05
7733.5,1468,220.5,815.15,2517.8,128.65,193.3,907.4,487.85,156.85,927.15
7735.5,1460,220.65,816,2532.8,127.25,195,898.65,477.25,157.35,938.4
7706.5,1437.5,220.25,799.8,2527.9,126.75,196.95,906.15,461.5,155.2,939.45
7747,1426,220,805.2,2435.8,122.85,194.95,888.4,461.4,150.55,938.95
7805.9,1395.8,216.15,812.45,2453,119.8,198.65,868.35,462.3,148.75,945.6
7849.8,1402.8,215.05,801.95,2459.2,124.5,207.65,873.15,469.75,148.7,956.15
7847.2,1421.4,218.75,769.7,2463.2,127.8,235.9,871.55,471.9,152.9,968.1
7979.9,1420.2,223.55,760.95,2477.6,125.4,233.65,862.75,472.25,155.45,978.8
7962.6,1443,220.9,764.65,2484.6,124.9,238.25,868.1,468.25,158,962.65
7855,1437.1,220.25,764.6,2488.4,127.95,235.4,874.05,465.5,160.15,980.85
7899.3,1429.4,225.4,775.45,2549.1,129.1,240.75,889.6,480.45,161.15,976.25
7912,1426,224.4,765.25,2549.7,125.75,229.1,876.9,470,161.8,974.65
7914.8,1422.7,223.9,779.95,2543.2,127.7,231.9,862.75,474.65,157.95,965.4
7914.7,1416.2,220.85,767.65,2521.1,129.05,230.5,871.6,467.6,161.75,966.3
7850.5,1435.6,220.95,771.6,2496.1,132.85,230.05,887.95,458.05,157.9,953.4
7709,1467.9,226.25,783.25,2536.3,132.35,232.85,885.55,444.15,152.3,966.2
7671.4,1464.5,228.8,783.4,2540.3,133.35,230.9,884.05,440.75,148.25,925.45
7555.2,1469.9,230.6,784.05,2580.8,127.15,233.05,873.1,433.45,152.45,921.75
7546.5,1446.8,223.65,772.15,2459.1,127.35,233.3,865.4,429.9,149.1,916.75
7614.4,1447.5,224,757.45,2431.8,122.45,228.9,859.8,421.5,149.2,899.95
7603.2,1439.3,225.1,753.05,2390.7,119.3,218.95,852.25,426.45,143.1,884.5
7758.8,1417.1,226.15,745.95,2374.8,114,217.1,856.95,424.85,143.35,890
7713,1427.8,228.85,750.9,2396.8,112.8,224.65,864.4,432.25,143.4,891
7738.4,1390.4,226.15,753.15,2396.4,117.1,227.35,869.25,445.1,144.3,886.75
7735.2,1409.4,231.2,730.6,2449.7,116.9,242.45,885.6,449.55,151.25,887.15
7597,1411.5,235.05,745,2417.2,113.75,242.75,869.95,444.55,152.65,901.6
7615.1,1380.3,232.15,741.7,2406.1,114.85,247.7,868.7,443.4,147.1,900.95
7716.5,1382.8,231.4,735.4,2417.2,111.1,245.85,881.4,429.35,147,875
7714.9,1367.5,230.35,745.7,2347.3,113.15,237.95,854.05,422.8,140.5,874.35
7704.2,1377.9,229.55,753,2355.5,116.55,235.7,845.35,437.55,139.15,867.4
7604.4,1370.5,228.2,748.95,2354.4,116.75,238.2,850,440.65,144,870.6
7512.5,1365.3,229.8,742.95,2309.7,111.95,239.3,854,443.55,146.45,869.85
7498.8,1375,232.05,720.9,2311.8,113.35,243.75,859.55,435.95,147.2,855.65
7460.6,1337,221.95,726.15,2301.8,110.85,241.45,874.9,427.95,144.05,862.65
7538.8,1273.7,218.1,726.5,2269.8,106.35,235.2,870.75,424.25,142.1,816.35
7510.2,1237.5,205.8,710,2249.7,106.15,228.15,866.85,419.15,143.05,810.6
7486.1,1241.3,204.95,735.1,2278.4,105.6,228,886.1,415.95,143.25,802.85
7531.8,1233.8,203.7,732.8,2313.1,103.65,231.95,897.3,412.45,141,803.25
7485.3,1227.2,200.75,723.7,2325.8,104.35,230.45,896.15,413.15,140.75,792.45
7485.4,1229.8,201.4,716.6,2319.9,107.65,226.35,893.15,417.05,139.35,800.2
7475.6,1244.9,204.3,705.25,2313.8,106.1,226.5,877,411.7,143,820.7
7368.9,1241.4,201.15,701.5,2316.8,107.25,227.75,872.9,415.8,141.9,816.35
7222.3,1239.3,201.85,696.75,2304.7,103.1,225.5,867.1,416.85,148.75,790.35
6987,1254,199.9,675.45,2279.2,97.25,226.95,880.1,407.15,145.15,787.4
7029.8,1242.8,195.8,679.75,2233.6,92.7,218.8,871.8,391.9,145.15,794.5
6970.6,1230.8,190.5,655.15,2260,91.1,206.5,872.25,375.25,136.1,769.8
7018.7,1191.2,187.95,615.2,2200.4,95.1,196.1,848.55,386.05,132,766.35
7109.5,1195,188.55,588.95,2236.8,94.35,200.15,860.9,379.2,132.65,762.95
7234.5,1198.7,188.95,618.3,2317.8,93.6,198.4,862.65,386.55,130.35,768.7
7210.8,1233.6,191.05,655,2344.7,98.5,200.3,879,385.1,133.75,737.25
7191.8,1244.3,193.35,654.8,2396.2,101.25,203.9,874.5,397.1,132.9,760.25
7108.5,1281,195.65,655.7,2475.3,101.9,205.8,868.95,392.5,139.4,765.7
7048.2,1276.2,194.85,666.8,2457,103.8,208.7,854.1,397.95,139.6,787.4
7163,1260,195.35,663.15,2405.5,105.75,209.75,835.95,403.55,138.8,781.6
6981,1226.2,193.3,628.95,2356.9,103.25,212.1,853.8,405.55,138.3,750.35
6976.4,1227.5,193,653.75,2334.8,107.95,200.4,841,417.5,131,781.45
7215.7,1255.1,197.75,659.6,2343.2,104.55,191.25,857.75,390.8,139.55,771.15
7298.2,1220.2,194.6,641.6,2302.9,120.35,178.7,856.15,377.5,114.35,817.5
7387.2,1234.3,193.55,691.75,2331.2,128.05,188.5,855.3,393.2,115.95,836.65
7489.1,1269,195,743.3,2371.1,131.4,202.55,876.95,400.4,117.45,824.6
7404,1278.5,197.4,746.5,2377.7,132.55,210.05,884.2,408.4,124,825.3
7361.8,1280.3,196.95,762.55,2348.7,132.8,211.65,887.2,398.9,130.75,843.25
7455.5,1270.7,195.45,740.8,2361.1,129.55,211.2,897.15,382.1,126.9,830.3
7556,1269.9,195.75,770.85,2310.1,128.3,214.6,888.7,380.55,122.95,831.5
7563.5,1251.5,192.4,766.55,2348.1,134.85,209.9,863.4,391.3,120.7,850.25
7424.6,1263.2,196.7,800.8,2362.6,140.45,212.95,880.7,399.3,121.1,879.45
7437.8,1274.2,199.95,833.25,2328.1,138.85,220.5,887.25,408.15,122.25,894.5
7436.1,1240.4,194.85,809.95,2341.9,136.85,212.7,868.85,406.6,125.8,869.65
7422.5,1216.8,193.25,801.85,2269.8,139.6,211.4,859.65,415.15,130.1,870.25
7276.8,1230.9,191.7,817.85,2301.7,145.6,215.4,858.7,420,130.15,877.65
7309.3,1242.4,197.1,812.8,2323.2,147.3,218.4,877.4,424.1,129.55,883.45
7435.1,1242,192.9,776.05,2317.6,143.25,221.7,869.5,408.9,130.25,875.45
7351,1229,192.3,800.8,2274,142.65,221.1,843.9,388.65,124.6,886
7437.8,1215.1,187,821.8,2276.2,144.2,219.55,839.35,393.1,121.25,895.95
7536.8,1237.8,191.25,800.05,2266.6,142.35,232.4,845.2,373.55,125.25,895.55
7562.4,1227.7,191.05,814.75,2249.6,136.5,219.45,850.6,373.65,126.5,933.5
7510.3,1230.8,193.9,836.7,2335.2,143.8,218.15,879.5,390.55,126.05,908.25
7563.9,1271.2,198.35,829.55,2362.2,147.95,227.45,890.2,406.4,131.15,896.7
7601.4,1283.1,198.05,840.7,2364,150.5,229.95,869.4,406.1,132.1,890.3
7568.3,1282.5,195.4,834.3,2342.4,149.75,236.2,873.15,417.25,134.4,887.5
7741,1294.1,198.4,846.15,2359.8,153.7,234,873.75,413.85,139.15,903.3
7784.6,1294.3,197.6,842.35,2376.8,153.85,241.55,875.2,409.35,140.5,883.45
7791.3,1299.9,197.6,867.1,2419.2,165.4,244.55,871.55,430.8,139.5,911.4
7946.4,1326.5,203.2,864.1,2485.5,166.45,251.5,886.55,436.35,148.65,903.35
7896.2,1343.6,203.85,844.95,2497.1,165.1,256.05,900.85,439.25,147.75,888.95
7929,1339.8,202.25,882.3,2488.2,171,257.7,880.65,449.8,151.1,894.9
7925.1,1373.2,205.25,875.4,2520.1,169.25,267.5,880.15,449.5,159,893.35
7861,1359.5,203.3,870.8,2533.5,169.5,260.6,883.85,455.15,156.75,889.4
7866,1349.8,204.55,887.25,2515.5,168.65,261.55,877.1,457.7,156.2,902.55
7786.1,1350.2,205.45,872.1,2531.2,171.65,263.45,879.85,454.15,157.6,903.05
7834.5,1328.9,202.2,871.25,2487.4,172.5,261.5,880,450.7,158.85,903.95
7762,1344,203.35,868.65,2484.8,172.1,258.5,881.9,451.9,158.45,901.05
7844.4,1340.3,201.4,840.55,2475.6,166.15,257.15,878.1,446.65,158.4,903
7750.9,1348,200,836.75,2476.1,167.15,257.7,879.7,441.45,157.15,896.9
7700.9,1351.2,200.7,831.6,2489.2,166.85,260.75,875.05,432.4,159.45,901.4
7650,1350.6,199.9,832.75,2481.9,168.9,260.25,880.9,435.35,159.2,904.25
7610.5,1355,197.9,820.35,2524.2,168.05,256.05,875.45,437.3,160.3,902.95
7683.3,1350,194.2,822.5,2451.7,166.1,251.6,867.1,435.35,159.2,888.35
7612.5,1335.8,193.25,823.15,2435.4,167.05,251.75,876.3,430.9,158.2,889.65
7701.7,1341.7,192.9,808.4,2409.8,165.45,254.6,874.2,439.8,156.8,892.45
7765.4,1316.4,188.75,804.4,2411.9,167.55,241.1,856.4,449.8,155.3,902.4
7781.9,1324.2,189.75,786.65,2441.4,168.95,246.8,858.95,450.9,159.3,882.75
7864.1,1315.9,189.5,797.7,2390.4,164.65,243.9,840.25,458.55,160.45,909.55
7931.4,1338.2,194.45,802.55,2462.4,169.1,251.25,860.45,461.85,161.85,910.15
7954.9,1350.2,195.9,809.1,2449,168.65,255.3,870.9,460.4,165.85,907.7
7935.2,1335.4,195.05,821.35,2469.2,168.8,255.45,836.1,462.4,167.45,920.1
7942.7,1349.6,198,824.9,2481.1,173.1,259.35,842.65,459.2,171.75,929.4
7883.8,1359.1,200.45,825.25,2499.4,175.6,262.05,848.95,461.65,173.75,929.75
7831.6,1356.5,200.7,810.65,2461.2,175.45,263.65,843.85,468.85,177.4,904.3
7849.2,1347,198.85,818.3,2481.6,175.95,268.2,840.45,470.9,179.85,900.75
7856.5,1355,201.9,824.7,2448.8,173.35,268.9,857.7,465.2,179.25,904.95
7842.8,1352.4,203.05,836.2,2462.4,174,268.35,861.7,463.85,170.1,907
7731.8,1341.9,202.35,847.2,2478.8,175.25,270.95,856.5,462.7,168.1,905.95
7837.5,1343.5,201.25,832.15,2523.2,176.25,276.55,850.75,459.4,169.8,915.9
7806.6,1340.2,200.9,817.35,2468.5,175.8,269.75,826.85,463,171.6,906.9
7762.2,1332.9,197.95,815.85,2423.7,174.65,270.95,822.9,463.6,168.15,882.55
7825,1333.3,197.4,831.15,2345.7,178.85,267.55,819.65,475.25,168.3,876.3
7783.4,1326.5,199.05,820.25,2363.8,178.3,270.55,807,481.6,173.2,898.35
7915.2,1326.2,194.4,829.8,2383.5,177.85,272.45,801.85,484.05,176.45,905.55
7954.3,1327.7,192.95,837.45,2377,180.55,267.25,800.15,480.2,173.7,889.75
7955.5,1332,197.8,831.65,2451.1,178.35,267.7,805.9,468.5,173.8,876.25
8040.2,1322.7,197.2,855.9,2453.2,184.4,265.6,798.25,464.95,172.6,903.85
8060.7,1364,205.2,813.25,2409,191.8,276.65,815.4,464.85,171,895.9
8050.8,1385.7,209.8,820.35,2422.9,194.2,284.9,802.2,464.6,167.4,887.75
8065.8,1387.3,208.4,820,2414.2,200.85,284.35,806.55,473.25,159.5,886.05
8111.8,1407,209.4,840.8,2448.8,200.65,289.3,803.75,475.35,163.45,876.5
8171.2,1425.2,209.5,846.5,2421.3,200.1,291.05,815.5,478.3,161.85,872.35
8232.9,1397.4,210.05,834.9,2432.2,198.85,295.45,830.6,474.95,161.8,870.85
8260.5,1376.1,207.3,845.35,2549.6,203.25,295.55,828.7,469.4,160.3,878.35
8295.5,1385.5,207.35,851.35,2575.2,212.55,300.05,829.75,482.95,162.45,907.2
8251.7,1399.8,208.75,846.05,2568.8,214.45,300.75,827.35,521.3,164.25,912.6
8261.7,1389.7,205.55,831.35,2582.2,217.55,311.2,827.85,521.15,168.3,902.2
8275,1396.6,208.5,826.25,2567.6,209.75,316.35,816.95,525.7,172.1,910.65
8238.2,1399.7,208.7,812.95,2513.8,208.25,314.05,856.75,511.35,173.35,900.1
8179.5,1380.7,209.1,811.35,2518.2,212,314.1,855.95,508.7,174.35,912.05
8107.9,1382.1,209.9,805.4,2438.3,214.1,309.75,874.65,506.7,176.25,917.65
8131.7,1396.6,210.25,803.05,2459.8,213.4,317.75,879.05,504.85,175.3,908.55
8143.6,1393.5,212.5,792,2458.4,211.7,324.5,882.2,498.65,177.8,890.45
8189.7,1370.8,209.7,805.75,2451.8,205.5,328.8,869.35,495.2,179.45,861.3
8129.4,1372.5,210,782,2439.6,208.45,324.2,862.6,490.85,173.5,861.55
8177.4,1352,209.95,787.2,2460.8,205.6,322.55,865.65,487.1,176.1,849.4
8152.9,1347.1,209.8,787.95,2425.3,202.05,320.4,859.05,490.35,176.8,847.1
8119.3,1349.4,209.15,750.55,2444.2,203.85,318.45,853.65,491.35,182.3,855.3
7950.9,1356.7,210.35,744.5,2435.2,202.7,320.7,875.05,496.9,185.85,860.7
7948.9,1354.2,209.05,756,2452.3,198.05,314.6,865.7,506.65,186,875.4
7843.3,1350.2,209.55,765.6,2377.6,203.8,315.2,853.05,512.05,184.55,859.2
7795.7,1372.8,210.25,770,2384.4,199.7,317.25,855,495.55,186.6,854.7
7868.5,1360.3,209.95,768.1,2313.8,205.55,304.65,838.85,495.55,181.3,849.65
7846,1344.2,205.65,754.2,2309.8,197.3,299.35,841.1,504,183.3,848.25
7812,1329,202.9,744.6,2251.8,195.05,297.35,805.25,506.85,186.9,883.15
7977.1,1336.5,203,741.85,2275.9,197.65,307,797,513.75,183.85,881.25
7981.9,1344.1,206.9,733.15,2283.1,199.15,301.8,806.05,511.9,186.5,877.25
7899.1,1349.2,208.8,715.9,2240.2,201.65,311,794.05,509.05,188.35,861.9
7829.1,1353.2,207.8,711.85,2258.2,207.4,319.1,804,527.9,186.75,871.05
7872.2,1382.3,209.75,707.4,2303.1,208.9,332.8,829.6,517.3,192,869.95
7789.3,1378.2,209.8,694.2,2294.2,210.3,339,841.3,494.1,190.55,861.75
7788.1,1376.8,210.15,700.05,2345.7,211.7,333.85,824.7,482.75,182.55,878.5
7818.6,1378.2,205.1,713.7,2295.2,213,332.15,829.45,496,181.75,880.1
7688.2,1384.8,211.45,707.7,2310.5,211.75,329.95,838.95,481.3,186.4,849
7558.8,1365.5,207.4,711.45,2318.5,216.55,323.35,814.5,483,181.1,838.35
7655,1382,211.25,715.75,2302.4,212.85,326.1,807.75,485.95,178.65,820.75
7823,1382,212.6,725.15,2269.1,212.2,323.95,820.55,473.65,180.45,821.75
7717,1347.2,208.55,704.95,2209.8,200.95,317.55,792.7,450.55,177.5,829.65
7785.9,1347.7,207,722.8,2192.8,206.65,322.7,789.5,468.85,169.75,850.7
7971.3,1350.8,211.9,735.4,2207.8,211.55,339.7,812.5,486.4,174.2,838.15
8002,1395.4,218.75,730.5,2246.8,206.55,339.5,826.15,466.85,175.2,849.3
7949,1354.6,210.45,736.7,2207.3,217.65,334.65,806.25,480.15,169.6,862.15
7791.9,1331.7,207.75,753.9,2251.8,226.5,342.1,816,506.7,172.6,883.55
7880.7,1334.5,207.4,754.75,2254.9,234.6,354.5,848.6,508.05,184.65,860.9
7809,1363.2,206.1,743.9,2269.2,231.7,362.6,856.3,509.1,185.2,882.15
8300,1370.8,210.1,723,2189.3,240.2,356.95,854.85,496,187.55,837.9
8372.8,1361.1,199,738.9,2244.2,232.2,347.95,854.15,502.4,177.05,864.6
8495.2,1363.5,208.4,712.7,2204.7,229.6,345.1,851.85,482.25,182.85,818.6
8466.5,1375.7,213.25,804.9,2188.4,248.95,334.65,838.8,525.3,182.5,889.85
8477.3,1405.3,226.75,798.45,2407.3,253.35,364.7,886.55,534.2,199.6,901.75
8518.5,1411.5,223.9,817.3,2492.1,262,368.65,883.45,554.6,201.15,886.6
8355.8,1447.5,230.9,790.8,2541.2,261.25,365.4,899.25,560.95,208.5,896.75
8349.5,1389,226.7,783.35,2522,261.35,363.65,901.25,561.55,212.75,863.95
8462.3,1368.2,225.3,761.3,2529.9,261.65,358.3,900.05,570.95,212.4,875.8
8525.6,1375.3,225.6,736.15,2558.8,258.3,363.65,895.45,566.6,184.45,885.5
8564.6,1364.1,222.05,744.2,2489.1,259.75,334.7,874.1,558,176.8,870.55
8588.7,1365.4,222.9,761.9,2462.1,266.85,321.85,871,570.95,176,925.8
8568,1372.5,222.95,778.65,2541.8,271.15,332.15,885.3,576.75,178.05,945.4
8516.9,1384.2,226.45,773.25,2556.3,265.8,338.2,900.95,579.9,182.15,957.25
8543,1399.7,228.5,787.7,2537.8,282.2,339.7,899.65,583.8,185.1,938.6
8532.8,1400.3,229.95,763.7,2575.4,280.4,345.95,914.45,579.35,189.2,931
8421.8,1380.9,230.05,753.75,2569.7,282,338.95,921.45,580.1,188.85,934.25
8375,1375.9,228.95,754.25,2510.6,283.1,339.4,904.75,576.5,191.05,908.75
8337,1388,229.05,758.5,2504.4,278.7,330.5,877.05,573.75,184.65,925.4
8361,1383.2,232.45,723.5,2519.2,286.85,324.05,881.45,565.95,177.4,946.15
8521.5,1370.7,231.15,730.25,2523.8,283.2,318,857.25,567.2,168.4,949.45
8589.8,1369.9,233.65,724.4,2495.2,278.25,314.6,846.55,561,153.05,945.2
8633.5,1359.3,230.5,739.15,2476.1,272.15,313.15,835.05,555.75,153.95,956
8529.5,1369.2,234.3,734.95,2507.7,280.35,313.5,851.25,580.95,152.1,966.3
8603.5,1406.5,240.35,746.2,2497.4,284.9,323.6,847.25,583.85,155.2,970.65
8609.8,1423.6,244.45,752.05,2487.8,285.1,331.3,846.05,589.75,152.7,972.3
8608,1435.2,246.55,748.4,2619.1,283.65,324.55,843.15,585,152.7,951.9
8523.8,1438.5,242.2,772.25,2544.6,282.45,322.45,816.65,600.25,150.95,963.6
8454.1,1455.5,251.45,1520.5,2519.6,285.4,329.1,851.9,602.3,153,940.25
8459.7,1484.1,250.55,1516.5,2527.2,279.75,329.25,825.45,608.75,156.2,936.4
8360.5,1498.1,253.9,1505.8,2544.2,273.3,326.95,846.25,584.55,155.85,918
8328.5,1495.9,254.6,1509.8,2532.4,273.05,319.6,837.25,583.6,156.15,926.2
8363,1478.4,250.95,1494.6,2499.1,269.4,316,822.45,581.95,155.6,907.85
8510.8,1478,247.25,1452.6,2497.4,268.85,321.5,816.85,578.2,156.3,881.2
8522.2,1472.7,241.6,1451.2,2470.9,264.35,316.95,794.95,571.8,156.1,867.15
8484.9,1485.7,242.1,1444.7,2513.9,255.2,315.25,799,577.05,153.05,916.7
8444.9,1466,241.05,1448.3,2573.9,258.95,320.4,800.9,585.8,151.2,931.95
8453,1500,245.7,1448.3,2606.2,259.4,332.95,824.75,583.9,153.85,931.15
8368.5,1503.7,245.7,1419,2595.3,258.3,320.05,783.4,585.9,153.1,900.55
8318.4,1481.7,241.7,1415.1,2586.2,255.55,320.1,772.15,582.35,150.6,899.85
8381.1,1474,238.75,1464.2,2565.8,256.95,316.25,763.15,578.75,149.6,887.45
8398,1465.5,237.2,1449.8,2523.6,247.85,310.9,760,558.65,150.05,877.2
8360.8,1440.7,229.5,1399,2535.7,247.3,307.9,754.45,561.75,144.2,871.55
8381.5,1408.2,227.4,1431.8,2550.6,250.75,306.1,736.5,565.6,144.15,861.55
8353.1,1419.4,227.3,1434.2,2540.2,256.25,311.15,750.75,570.1,144.5,858.5
8225,1408,226.8,1442.4,2506.2,253.95,312.65,749.95,570.7,145,848.95
8174.6,1410,226.8,1395.8,2395,244.05,311.7,753.9,571.65,146.35,860.75
8091.5,1448.2,230.45,1370.4,2412.4,246.5,316,756.05,572,150.25,846.35
8047.3,1427.2,228.4,1358.9,2425.4,241.5,310.75,746.6,552,146.6,835.9
8013.9,1423.8,226.05,1344.8,2405.6,243.1,304.6,739.85,549.65,142.25,833.2
7982.9,1414.2,221.9,1336,2397.3,241.2,310.9,729.1,548.7,139.4,811.05
7965.4,1408.5,222.45,1313.5,2368.1,245.9,311,711.55,551.4,140.65,820.9
8124.5,1386.9,219.1,1276.8,2391.3,247.35,313.3,705.05,549.95,142.1,833.85
8022.4,1374.5,215.95,1277.5,2334.3,247.95,310.25,699.55,551.35,143,835.95
8044.1,1403.5,219.2,1266.4,2285.6,243.25,312.25,706.6,546.85,147.05,843.2
8114.7,1409.6,222.05,1301.3,2207.6,251.4,304.85,710.6,564.35,148.45,844
8130.6,1439.6,226,1285.5,2253.1,241.25,313.05,739.65,558.35,153.75,850.25
8135.1,1441,225.7,1294,2185.8,242.8,306.6,736.2,553.4,153.2,843.1
8236.5,1431.7,222.7,1311.8,2221.3,246.45,302.45,747.2,548.35,155.75,856.65
8433.4,1434.4,221.8,1312.7,2199.3,248.2,311,759.5,556.05,161.25,866.35
8433.7,1466.3,228.85,1312.3,2216.2,245.95,311.25,759.55,550.65,161.75,839.45
8319,1461.7,226.1,1324.8,2240.8,250.75,297.75,761.55,554.15,161.2,847.2
8334.6,1479.2,230.65,1361.5,2269.1,253.95,309.5,759.3,578.45,160.2,860.45
8339.3,1519,239.2,1375,2336.3,251.6,311.6,788.25,585.25,165.25,849.6
8370.2,1514.5,237,1304.2,2315,251.95,323.65,787,575.2,162.55,817.25
8459,1473.3,229,1338.5,2302.7,249.05,333.35,767.3,577.85,161.6,796.75
8421,1461.8,228.05,1349.5,2306.4,241,339.1,759.35,565.1,161.25,782.05
8423.2,1481.5,227.1,1352.7,2315.5,234.25,345.05,763.75,562.05,159.55,792.7
8365.7,1495.9,233.05,1362,2301.8,233.95,343.2,762.3,569.7,157.9,782.45
8373.7,1516.6,241.35,1361.2,2310.5,232.3,348.85,775.6,570.85,155.55,776.65
8262.3,1523.2,240.95,1391.3,2299.8,231.3,348.3,775.8,558.6,157.1,786.35
8224.2,1501.1,238.85,1387.3,2150.5,234.85,342.45,771,563.05,160,783.6
8235.5,1501,238.8,1350.7,2199.2,234.2,339.55,775,567.5,161.75,791.05
8127,1506.8,240.45,1351.7,2221.9,230.65,339.15,767.6,561.35,162.45,765.7
8325.2,1472.8,234.45,1353.3,2181.8,230.1,329.1,790,556.9,160.1,756.95
8191.5,1471.5,235.55,1341.8,2165,227.7,334.05,794.45,559.1,164.5,736.35
8057.3,1472.1,234.85,1322.1,2125.2,222.65,340.85,763,532.75,162.45,725.75
8097,1449,228.95,1360.2,2128.9,234.55,334.6,758.15,551.15,158.4,751.2
8324.8,1499.5,237.9,1285.4,2182.1,231.3,343.9,773.15,542.35,169.65,747.35
8332,1448.7,233,1236,2129.3,228.4,334.95,759.35,527.6,145.15,729.7
8181.5,1449.1,231.25,1275.8,2067,229.55,322.5,764.6,543.65,153.85,748.2
8239.8,1411.8,226.7,1363.5,2020.2,244.75,331.1,760.95,565.6,162.4,777.55
8285.6,1468.2,238.75,1303.9,2063.3,245,342.95,780.95,568.3,170.15,784.65
8213.8,1472.5,240.45,1283.8,2093.7,237.2,346.4,778.65,567.85,171.2,765.75
8305.2,1438.7,234.2,1281.5,1949.4,232.25,317.6,762.9,552.9,168.95,755.65
8398.3,1484.8,238.85,1291.8,1978.1,233.05,313.2,754.4,535.25,172.25,763.85
8429.7,1516.7,230.75,1212.7,1990.5,226.8,305.9,765.55,524.35,174.1,732.45
8377.8,1494.5,229.75,1286.2,1990.5,233.5,306.55,744.3,527.55,170.95,780.5
8448.1,1534,233.9,1345.2,1996.8,233.1,316.1,771.8,538.35,174.75,801.65
8606,1517.8,237.55,1349.6,1991.4,231,318,786.1,540.35,179.45,805.2
8706.7,1554.7,242.3,1331,1988.5,227.85,313.35,785.35,523.65,180.05,797.55
8834,1498.8,239.65,1341.7,1993,229.65,314.45,795.15,518.45,180.25,803.9
8780.3,1527.5,247.25,1334.8,2018.5,234.85,313.4,808.15,534.15,179.85,797.75
8778.3,1519.5,246.8,1415.6,2065.7,232.1,323.65,819.05,552,177.55,800.95
8714.4,1563.7,251.65,1361,2086.7,233.55,326.8,821,551.55,177.2,803
8660.3,1614.4,259.9,1350.8,2077.8,241.85,325.35,838.85,566.55,178.15,816.95
8659.9,1594.6,256.35,1341.2,2100.4,234.85,329.75,859.6,568.1,175.6,819.1
8586.2,1633.5,257.95,1324.5,2100.6,233,319.45,858.6,572.2,174.05,811.25
8491,1621.6,256.5,1323.2,2097.2,235.8,316.45,851.45,556.2,173.1,819
8492.3,1635.3,257.65,1358.8,2104.8,233.25,318.95,847.15,558.9,169.05,795.9
8341.4,1651.4,259.9,1325,2093,235,323.85,835.3,568.5,170.1,801.85
8342.2,1617.8,260.25,1247.7,2031.3,231.8,320.8,822.45,569.6,168.95,804.25
8530.8,1583.5,259.8,1220.2,2018.7,234.95,310.7,821,560.4,169.05,809.95
8543,1560.6,255.25,1223.7,2017.3,238.6,308.05,808.75,563.35,163.3,769.4
8550.9,1582.4,257,1204.2,2023.8,232.55,308.35,808.05,546.05,163.85,749.6
8570.9,1549.8,249.6,1135.5,2017.2,236.5,304.3,780.1,544.1,161.55,763.7
8634.7,1582.8,250,1179.6,2001.8,236.6,304.9,794.05,561.1,161.2,744.95
8685.9,1581.2,248.5,1171.2,2017.8,239.5,313.85,808.55,557.85,166,739.1
8723.3,1583,253.05,1150.8,2027.9,236.85,306.8,812.55,554.8,167.9,716.1
8633.2,1583,255.55,1157.8,2032.8,245.75,304,811.35,556.75,169.75,727.4
8647.8,1566.1,255.15,1226,2021.3,255.15,307.95,810.3,564.1,172.9,752.05
8776,1566.5,251.2,1242.3,2024.4,258.3,312.45,834.95,578.55,176.5,773.1
8700,1583.8,252.75,1221.5,2034.5,264.1,316.9,814.35,579.85,182.5,749.6
8712,1608.9,258.1,1194.7,2045.7,258.3,318.45,829.85,568.85,182.55,736.95
8756.8,1587.6,256.6,1146.7,2030.2,254.6,312.8,830.1,570.1,182.75,731.15
8937.8,1613.4,256.05,1155.1,2022.9,263.6,306.7,808.4,584.8,179,749.15
8922.7,1647.6,263.7,1111.7,2077.8,257.65,310.35,809.75,583.95,180.2,750.6
8996.2,1636.8,259.8,1128.3,2099,259.3,307.6,810.75,585.75,177.65,764.75
8956.8,1649.2,259.75,1101.1,2128.9,257.25,317.6,809.1,591.65,179.9,765.45
8844.6,1661.5,263.6,1092,2113.1,269.5,323.9,814.15,616.6,180.15,775.3
8683.8,1700.7,273.8,1070.7,2120.3,270.15,332.5,833.65,612.65,184.2,769.9
8767.2,1723.8,274.95,1097.6,2122.1,273.95,332.2,837.1,632.85,180.45,779.7
8762.1,1759.2,281.35,1090.5,2116.2,273.8,336.35,838.25,648,187.7,777.85
8755,1764.3,284.95,1083.7,2074.8,262.15,330.4,824.9,613.4,182.5,745.45
8833.6,1683.2,271.6,1033.3,2161.8,270.85,330.5,818.35,567.15,185.1,742.55
8895.3,1672.8,268.7,1025,2150.4,264.55,345.9,807,552.45,180.95,744.85
8869.1,1642.7,259.5,1014.1,2134.9,274.05,327.6,792.7,552.75,172.4,750.5
8809.3,1652.2,260.9,1037.8,2180.8,277.7,328.5,812.5,551.55,177.2,756.9
8805.5,1617.5,258.15,1040.3,2191.9,272.85,334.15,799.75,549.45,177.35,737.45
8711.5,1613.2,261.6,1057.9,2184.8,275.2,323.35,809.5,560.9,182.6,740.4
8627.4,1619.4,263.3,1038,2209.3,261.65,329.25,824.85,565.3,183.45,740.95
8565.5,1615.4,264.55,1087.8,2223.4,259.75,334.15,833.5,569.45,178.5,728.3
8526.3,1652.8,269.5,1102.7,2240.7,259.25,333.65,822.8,571,183.1,726.2
8661,1612,265.4,1118.4,2261.7,259.55,331.5,833.25,581.05,182.7,724.5
8711.7,1624.3,264.5,1122.7,2261.8,267.9,335.5,828.05,579.25,182.85,707.3
8723.7,1593,259.4,1106.2,2260.7,255.2,336.7,825.75,569.6,180.8,712.9
8756.5,1551.3,251,1033.3,2291.9,261.5,325.9,841.2,553.7,180.45,697.85
8797.4,1561.5,249.8,1046.5,2266.5,258.75,317,821.7,553.75,176.9,712.35
8808.9,1509.8,246.2,1109.2,2267.6,264.2,300.2,804.15,562.9,173.35,730.85
8952.3,1508.5,248.2,1149.8,2228.2,277.5,300.1,797,566.45,175.85,747.05
8914.3,1504.5,247.5,1211.3,2243.1,285.1,311.7,810.6,559.3,178.3,720.65
8910.5,1498.3,248.5,1226.8,2247.6,297,321.85,804.3,586.5,184.9,727.25
8835.6,1510.6,244.95,1264.3,2260.1,293.65,327.3,814.85,617.05,185.1,748.1
8761.4,1526.1,249.15,1248.1,2347.8,291.8,335.5,808.15,588.7,187.85,746.25
8729.5,1560,248.8,1222.7,2389.3,287.15,340.5,857.45,599.2,193.35,731.25
8695.6,1583.4,255.4,1178.5,2402.7,278.9,343.6,881.05,590.6,217.45,705.35
8550.7,1541.3,248.55,1175.6,2396.9,282.05,339.85,910.3,592.3,223.8,692.55
8513.8,1530.5,249.95,1177.5,2417.6,278.95,344.65,890.15,565,222.7,674.3
8494.2,1541.3,252,1180.3,2442.2,283.7,346.05,861.9,564.95,223,656.1
8277.5,1559.3,248.9,1170.1,2438.9,281.8,329.3,867.7,546.9,223.9,654.25
8299.4,1543.8,246.75,1166.2,2442,281.4,328.8,851.45,551.55,1127.9,648.45
8323,1544.8,247.5,1160.5,2411.1,281.1,330.55,837.95,528.65,1086.5,645.45
8284.5,1533.7,246.35,1155,2411.3,274.05,328.55,831.65,514.9,1083.7,657.1
8234.6,1518.1,239.3,1132,2420.1,268.55,330.95,843.5,514.15,1080.3,661.85
8102.1,1514.8,240.85,1146.7,2417.9,267.85,330.7,839.25,501.25,1096.9,652.15
8127.4,1478,232.7,1149.7,2363.7,257.7,331.1,842.65,502.8,1074.5,669.15
8378.4,1443.5,230.05,1177.8,2326.2,257.8,323,833.1,501.55,1082,675.15
8395.5,1405.4,227.9,1171.2,2333.2,254.6,328.35,807.35,495.4,1079.7,677.35
8282.7,1399,223.2,1127.2,2381.5,257.6,331.15,812.9,502.05,1059.2,677.55
8248.2,1391.6,226.25,1105.8,2450.1,254.55,334,819.5,498.95,1077.8,645.95
8246.3,1368.2,219.9,1088.3,2447.2,261,321.2,772.3,499.3,1065.7,639.15
8200.7,1384.5,221.95,1130,2440.3,273.15,321.7,757.25,517.6,1059.3,645.75
8174.1,1431.3,230.75,1132,2460.2,275.4,323,774.9,514.2,1095.5,644.55
8267,1425.8,230.95,1127.5,2453.5,268.3,320,775.25,501.95,1094.1,653.8
8324,1403.3,227.85,1136.4,2454.1,265.2,319.65,750.35,502.05,1082.8,645.85
8225.2,1399.4,228.7,1126.7,2438.4,258.35,318.45,751.75,498.9,1084.5,649.8
8159.3,1400.8,229.85,1109.3,2454.7,254.5,315.35,750.05,494,1082.8,646.3
8029.8,1401.3,230.05,1093,2489.1,251.75,292.8,757.3,495.05,1068.8,643.85
8067.6,1393.5,226,1091.8,2474.2,254.95,288.55,726.75,493.65,1068.7,640.5
8219.6,1393.6,227.1,1088.6,2484.8,261.8,283.05,729.7,493.95,1059.5,652.25
8224.1,1383.3,227.4,1108.5,2522.3,265.75,288,738.5,497.3,1059.3,655.4
8292.9,1383.8,228.35,1103.7,2473.2,258.85,289.95,744.95,489.7,1056.2,652.75
8355.7,1379.8,224.85,1078.5,2466.3,257.3,289.1,734.35,487.15,1041.8,653.4
8340.7,1381,223.4,1048.7,2505.8,245.25,290.2,745.35,475,1056,647.25
8438.2,1367.8,220.2,1096.8,2458,247.3,273.65,731.35,471.8,1008.4,647.55
8538.3,1391.6,219.2,1131.3,2493.3,248.75,274.05,759.25,476.85,1009.6,638.7
8564.4,1435.2,228.4,1158.3,2512.8,247,288.4,767.55,483.15,1055.5,666.95
8537.7,1432.5,225.9,1123.2,2523.6,254.3,277.85,775.05,490.55,1059.7,661.45
8524.7,1427.7,223.1,1124.3,2563.7,253.1,278.05,767.6,489.3,1072.5,668.4
8555.9,1436,225.7,1128.8,2565.3,259.05,275.3,775.9,488.65,1072,671.1
8588.2,1432.8,226.05,1162.8,2602.9,266.85,269.5,782.05,496.65,1049.5,689.6
8494.2,1477.6,231.25,1123.6,2615.3,271.95,276.4,793.75,498.45,1086,709.95
8475.8,1497.8,236.95,1131.3,2621.6,273.95,284.55,785.3,499.95,1105,725.1
8463.1,1471.4,229.95,1144,2618.1,278.3,286.65,790.25,498.9,1084,711.4
8530.2,1476.4,229.45,1150.3,2605.3,271.5,291,789.1,492.25,1087.4,712.9
8477.3,1480.3,228.55,1119.5,2602.8,274,285.85,769.95,489.35,1084.2,743.05
8401.9,1467.3,229.95,1092.8,2635.4,283.2,289,796.75,481.05,1083.8,745.85
8382.3,1470.3,229.85,1083,2639.6,283,290.3,743.7,468,1088.2,720.05
8425.9,1439.7,225.7,1081.2,2648.8,271.2,291.1,706.4,469.75,1014.8,707.35
8430.8,1438.1,228.85,1110.5,2612.4,265.2,296.15,703.75,470.1,1011.9,709.8
8389.9,1425,227.85,1118.3,2640.8,257.6,297.9,691.85,478,1013.1,719.45
8357.8,1451.3,229.35,1113.5,2674.5,252.75,306.05,689.75,476.85,1041.4,723.8
8383.3,1466.8,225.95,1129.7,2674.8,245.4,302.45,690.65,466.7,1038.8,718.65
8362.7,1445.3,221.65,1123.7,2658.5,249.1,300.1,689.5,469.85,1025.5,721.6
8344.2,1462,222.3,1142.3,2669.9,254.15,299.95,683.45,473.95,1037.2,719.5
8337,1488.3,226.45,1107.3,2643.3,249.15,302.8,700.75,475.8,1052.5,725.25
8338.3,1496.4,227.5,1120.8,2655.3,246.2,296.55,691.75,476.7,1055.8,734.2
8324.2,1509.9,229.75,1099.8,2645.8,246.9,297.25,671.75,473.75,1015,729.15
8322.2,1505.3,226.55,1059.7,2605.1,247.2,294.35,644.3,480.9,998.6,763.3
8169.2,1515.8,229.5,1028.1,2598.9,245.05,300.6,644.3,466.8,1018.6,766.05
8090.5,1514.5,225.35,1021.6,2545.5,251.1,291.35,649.5,460.25,1010.8,765.15
8027.6,1499.5,221.55,1030.8,2543.9,249.1,291.25,647.7,468.85,982.85,756.75
7991.7,1509.6,222.55,1001.9,2537.2,257.35,292.8,646.1,457.7,960.6,738.25
8014.5,1486.8,223,1002,2568.5,253,288.6,656.8,444.65,952.7,722.9
7995.9,1492.1,227.6,968.75,2574.1,255.75,290.95,653.65,438.75,949.35,724.2
7927.8,1500.9,227.45,951.5,2609.1,255,284.55,656.15,430.05,930.5,702.85
7879.4,1494.7,223.9,961.55,2576.8,254.35,271.2,644.35,425.75,912.35,704.55
7779.7,1484.2,225.65,971.5,2549.8,255.05,271.5,646.1,423.85,905.5,702
7748.2,1472.2,224.05,944.4,2502.7,252,261.05,646.25,426.1,920.55,686.35
7864,1462,221.2,964.4,2516.3,240.05,263.25,650.4,423.85,904,691.75
7884.2,1483,217.15,965.6,2528,242,269.65,652.7,424.05,889.6,688.75
7860,1474.7,216.6,949.2,2496.1,237.5,268.15,641.75,423,887.85,687.85
7960.5,1444.5,213.45,934.45,2413.2,227.75,261.9,644.8,417.7,883.9,696.55
7842.7,1424.8,212.95,914.6,2411,226.55,258.75,647.25,401.95,873.35,666.1
7852.4,1404.3,207.65,898.05,2373.5,219.1,250.2,639.2,393.9,872.15,666.6
7945.5,1377.8,205.35,932.3,2362.9,225.75,252.6,627.1,397.1,867.3,655.75
7964.8,1383.5,208.55,940.7,2410.1,218,259.35,646.45,386.45,872.3,670.35
7958.9,1387.3,208.85,938.4,2351.2,220.85,260.35,656.4,379.25,865.3,670.35
7968.9,1404,211.8,951.05,2348.6,218.85,258.75,663.45,387.45,858.75,671.5
7911.9,1429.7,215.3,953.9,2372.4,201.95,269,655.1,378.65,872.35,674.95
8002.4,1380.6,208.25,995.2,2346.5,197.8,261,635.9,374.35,858.1,650.4
8017.5,1370.1,209.2,965.65,2330.3,199.65,259.85,629.3,380.85,866.25,652.8
8146.3,1390.5,210.6,966.85,2339.2,200.95,274.6,631.6,377.8,898.4,653.5
8121.5,1404.2,213.7,946.75,2348.9,206.85,277.95,629.4,386.2,902.5,637.6
8114.8,1440,214.75,881,2303.7,205.25,280.7,626.15,389.7,898.75,639.85
7975.5,1429.2,211.85,867.8,2337,203.3,279.1,628.7,378.35,897.8,620.45
7932.9,1398.8,207.65,800.7,2349.3,212,268.6,620.95,396.75,887.8,643.7
8042,1429,212.1,811.75,2362.4,216.45,268.05,639.9,399.35,905.4,650.25
8105.5,1463.5,213.7,853.4,2393.3,222.1,273.45,635.3,408.25,928.6,670.3
8085.7,1490.9,214.2,867.6,2412.8,226.85,285.6,652.8,407.55,953.95,656.15
8094.1,1506.5,215,883.8,2410.3,228.45,284.6,668.3,405.25,949.1,662.4
8153,1511.4,213.2,867.9,2395.5,220.7,293.85,660.1,398.35,956.9,638.75
8173.9,1495.2,209.2,854.3,2315.2,216,281.75,645.9,398.85,928.75,649.6
8086.9,1482.3,206.6,892.25,2300.8,219.85,279.45,648.35,411.8,923.45,681.9
8096,1510.8,210.75,895.15,2330.6,220.55,291,660.9,416.95,950.3,683.2
8114.6,1531.9,214.7,863.9,2346.1,222.5,293.35,670.55,418.3,944.15,682.15
8083,1531.5,215.35,877.85,2341.8,219.15,293.15,656.5,417.3,923.7,676.5
8027.7,1529.4,216.95,867.9,2351.3,221.45,292.7,653.8,419.35,906.7,692.1
7954.4,1544.8,219.1,843,2325.2,223.9,295.1,665.05,420.65,903.3,700.1
7936,1548.8,219.45,830.4,2361.3,223.6,299.55,674.3,415.75,890.2,688.75
7904.8,1523.9,212.7,834.05,2335.2,227,289.45,646.95,416.65,885.1,700.9
7906.3,1525.2,211.95,833.7,2301.7,237.55,289.25,631.35,413.6,876.8,703.7
7913.2,1544,214.35,812.4,2229.2,239.85,289,626.05,408.8,886.55,702.5
7891.1,1552.1,215.8,808.75,2258.2,238.6,288.75,624.25,405.4,888.8,703.85
7875.3,1500.8,208.5,817.95,2262.9,240.75,286.4,629.6,397.3,889.3,694.35
7897.5,1491.7,206.3,824.5,2259.8,229.2,282.85,624.15,398.65,870.85,677.55
7874.2,1500.8,206.75,827.25,2279.6,232.2,288.1,616.95,397.75,887.75,664.75
7791.7,1493,208.85,818.5,2257.4,231.35,297.85,608,397.5,890.9,665.6
7739.5,1531,212.3,811.25,2254.2,227.55,293.05,605.05,402.35,895.7,673
7727,1517.8,211.3,809,2263,229.4,297.3,610.35,398.7,919.85,686.05
7626,1523.7,213.65,794.95,2267.3,230.6,296.3,613.25,394.05,901.15,668.3
7568.5,1524.7,215.45,767.95,2198.1,227.25,293.25,612.25,397.65,880.2,674.1
7649.2,1522.9,216.6,777.7,2195.3,221.05,286.1,615.35,393.9,887.5,648.6
7672,1507.8,214.1,766.7,2142.7,212.55,273.95,620.3,377.7,885.8,613.15
7746.5,1481.1,210.9,761.05,2134.9,209,272.4,617.45,373.8,878.95,603.15
7683.6,1451.2,205.75,767.7,2142.5,223.7,274.35,615.35,381.6,879.15,591.15
7602.6,1464.5,208.75,771.55,2139.3,221.95,271.75,614.3,376.85,913.25,574.25
7721.3,1446.9,205.2,721.5,2129.2,221.6,269.95,613.95,371.25,890.35,566.6
7791.4,1438.5,203.65,713.65,2121.3,230.2,262.05,618.5,381.15,858.25,584.95
7748.7,1471.5,210.45,721.7,2140,229.55,265.9,632.3,383.2,878.3,580.9
7790.5,1430.2,208.25,731.45,2141.9,228.05,268.05,639.9,392.7,892.4,593.65
7830.6,1439.2,212.8,717.25,2155.1,228.9,266.7,633,390.95,909.8,600.25
7795.8,1374.1,204.3,706.85,2093.2,224.25,265.25,629.95,387.5,898.65,577.05
7767.9,1374,203.9,712.95,2057.8,228.4,259.1,625.2,391.85,894.35,580.75
7684.2,1394.5,206.45,681.9,2078.2,230.95,260.7,629.15,402,870.65,573.05
7663.9,1409.6,209.3,679,2081,229.5,263.45,642.25,395.7,886.2,574.85
7640.5,1400,205.95,693.3,2083.4,226.85,266.1,634.5,1985.8,866.1,592.4
7624.4,1442.3,212.25,723.15,2103.1,236.35,268.25,637,1996.7,861.55,602.8
7526.6,1460.3,218.3,719.4,2106.6,234.35,275.8,618.4,2001.2,882.5,599.95
7454.1,1454.8,216.3,720.45,2104.2,234.3,280,601.55,2017.6,853.95,581.85
7459.6,1485,222.65,724.2,2073.4,235.05,285,602.75,2023.2,831.85,580.8
7567.8,1483.7,220.8,737,2071.8,237.95,287.25,593.9,1996,836.3,583
7585,1459.4,220.3,743.4,2081.4,243.05,287.75,581.4,1955,836.55,590.8
7623.2,1478,224.55,731.25,2091.7,240.4,285.6,579.95,1965.2,845.05,590.45
7787.1,1437,221.8,721.05,2140.2,234.45,281.1,579.8,1897.5,837.8,582.25
7751.6,1419.9,219.4,688.3,2158.7,226.35,263.15,582.95,1846.7,830,570.4
7714.8,1397.7,215.15,691,2127.3,223.4,252.75,589.45,1816.1,796.35,559.45
7725.1,1422.2,214.8,665.05,2136.1,243.1,249.25,569,1859.8,783.7,580.75
7634.7,1457.8,219.4,679.6,2151.6,243.35,270.25,585.9,1874.5,826.45,581.5
7611.4,1433,217.9,733.25,2168.9,243.15,264.8,592.15,1888.3,834.4,569.35
7508.8,1415.2,218.25,768.5,2238.7,264.75,258.1,590.5,1922.5,831.35,593.15
7493.2,1450.3,223.75,765.5,2300.1,262.85,280.4,592.95,1934.5,865.75,601.4
7569.2,1452.4,223.7,769.6,2298.7,261,275.15,588.2,1924.9,875.2,599.3
7580.2,1481.6,224.6,750.7,2295.3,259.5,270.4,580.85,1926.8,876.05,600.45
7493.4,1500.2,225.45,732.8,2351.4,252.55,270.9,584.75,1920.3,880.35,589.55
7511.5,1478.8,223.8,741.6,2329.8,250.1,244.1,583.6,1921.4,878.3,599.35
7540.7,1468,220.7,741.65,2313.2,244.9,243.5,592.7,1910.7,877.15,570.15
7558.2,1432.7,216.25,742.05,2308.6,251.35,231.5,583.55,1926.4,846.25,567.8
7631.7,1444.7,219,747.2,2285.1,249.9,234.6,584.95,1913.8,849.35,580.85
7533.5,1470.6,220.95,726.75,2279,250.4,237.25,585.85,1924.7,867.75,581.95
7542.1,1470.7,222.55,718,2220.7,244.35,238.2,578.5,1883.3,863.85,556.3
7649.9,1469.3,222.7,690.25,2194,238.95,236.4,572.6,1867.7,835,553.95
7626.9,1439.5,218.1,698.5,2174.7,240.8,232.25,566.65,1842.8,831.8,566.3
7656.4,1457.7,219.35,702,2160.8,241.35,226.45,567.6,1847.2,843.05,591.3
7654.6,1476.2,221.65,707.65,2149.8,247.95,231.1,556.1,1839.5,858.05,611.75
7583.4,1500,225.1,707.9,2162.4,241.1,235.55,559.7,1772.2,876.05,590.3
7474.1,1480.2,222.5,696.9,2172.6,237.7,228.1,539.65,1819.1,850.35,568.25
7402.2,1470.5,222.8,700.3,2167.3,244.2,230.55,540.45,1904.5,840.45,599.05
7415.9,1477.8,225.5,685.5,2182.7,247.1,236.9,547.9,1941.3,875.5,606
7362.5,1479.6,227.8,686.5,2175.2,255.6,237.7,541.85,1935.5,891.9,614.2
7230,1498,230.55,652.35,2150.8,263.15,246.1,535.65,1966.2,888.95,614.55
7235.6,1509.4,237.8,648.2,2156.5,262.65,254.55,528.4,1974,904.9,627.6
7329.6,1438.7,230.25,634.85,2045.9,260.35,257.55,506.35,1946.9,904.3,616.85
7318,1437.8,229.85,627.9,1999.7,257.9,241.55,510.75,1924.7,885.2,576.75
7359,1423,229.6,623.45,1999.8,257.3,243.8,509.1,1899.5,891.15,574.15
7367.1,1415.9,231.15,639.3,1969,248.65,240.25,509.3,1902.3,869.8,555.45
7276.4,1380.7,223.25,667.7,1975.9,242.15,226.1,509.9,1836.2,875.05,521.55
7252.9,1339.5,217.3,637.35,1953.2,243.45,225.85,509.45,1865.5,843.4,536.5
7275.5,1370.7,214.35,639.75,1942.6,249,212.8,506.75,1861.2,877.2,541.7
7263.5,1379.9,219.35,642.25,1949.8,245.65,220.55,512.1,1848.5,874.55,551.1
7203,1330.5,208.2,613.9,1972.8,259.4,214.25,522.2,1873.8,888.5,555.65
7123.1,1347.8,209.8,613.4,1960,272.45,222.65,524.5,1865,910.8,556.55
7108.8,1381.2,213.5,620.35,1983.7,263.8,227.45,538.85,1841.2,954.6,560.15
7108.8,1389.6,214.55,620.2,1985.6,271.25,225.75,537.65,1815.2,925.45,561.5
7014.2,1379.5,214.4,603.05,1959.2,277.9,225.95,545.15,1855.8,934.85,558.4
6858.8,1424.7,217.3,600.85,1871.4,268.25,235.85,529.05,1854.8,938.45,575.15
6659.9,1441.8,219.6,623.55,1884.4,229.4,231.65,528.3,1756.8,969.15,551.55
6652.5,1428.3,224.65,614.75,1934.2,217.95,224.65,536.4,1663.7,934.55,517
6715.3,1376,219.2,615,1953.2,216.5,220.35,529.7,1638.5,921.35,517.65
6699.4,1388,223.55,620.55,2040.5,218.8,217.15,556.95,1649.8,958.85,508.4
6694.8,1389.2,221.55,589.85,1979.2,198.45,224.25,539.2,1646.3,877.9,501.7
6696.4,1348,211.3,586.1,1947.9,193.85,204.85,536.3,1631.5,839.35,485.15
6715.2,1340.5,207.05,595.1,1920.7,184.25,204.6,520.75,1555.8,829.9,462.5
6761.2,1268.4,193.05,597.1,1878.8,178.5,190.15,504,1540.9,808.7,473.3
6782.8,1274.9,194.75,598.2,1871.8,178.8,189.55,506.35,1538,804,467.45
6840.8,1294.1,199,593.1,1902.3,178.6,192.2,514.75,1552.9,806.2,467.95
6815.4,1277.2,202.25,600.65,1918.5,180.35,186.05,518.5,1530.5,809.5,463.35
6817.6,1284.5,201.3,573.5,1904.7,180.75,186.1,509.6,1519.2,800.8,454
6779.4,1291.7,197.45,579.55,1913.5,186.7,188.3,505.15,1528.1,819.5,459.1
6675.3,1302,202.4,589.1,1941.8,186.75,191.65,498.3,1530,817.2,456.65
6733.1,1286.8,200.15,579.55,1985.4,190.75,192.55,501,1534.5,821.55,459.4
6776.3,1308.4,209,554.5,1996.5,189.3,198.7,515,1517.7,810.2,475.9
6796.4,1347.8,218.75,549.6,2004.8,186.65,204.7,529.6,1500,805.65,482.3
6796.2,1334.8,214.65,554.85,2005.5,186.6,204.8,536.35,1502.2,780.6,463.75
6695,1350.6,215.9,551.35,2013.1,181.05,204.1,539.65,1464.7,785.2,448.15
6694.4,1360.5,215.95,548,2013.4,175.6,198.25,543.6,1431.7,771.15,435.25
6736.1,1332.4,207.6,558.1,2000.4,181.35,193.9,534.55,1445.8,757.45,444.7
6752.5,1361,213.95,549.9,2005.8,185.05,186.85,534.8,1495.4,752.6,444.7
6721,1388.5,216.35,543.8,2004.3,186.55,193.65,541.95,1502,780.8,451.05
6704.2,1390.3,212.55,563.75,2020.3,181.65,193.65,541.3,1484.8,786.65,440
6695.9,1372,210.1,556.65,2032.5,177.85,183.25,545.55,1421.7,791.7,437.9
6641.8,1379.9,208.75,565.05,2023.7,183.95,177.3,538.65,1429.2,751.1,443.65
6601.4,1363.7,203.25,569.65,2033.1,187.6,179.95,531.55,1437.2,756.4,439.35
6589.8,1354.2,204.85,558.8,2053.6,193.8,181.55,538.7,1466,755.95,449.3
6583.5,1359.2,200.45,534.7,2049.4,194.2,186.1,523.75,1468.8,775.95,446.65
6493.2,1384,202.35,510.85,2064.5,196.8,186,536.7,1460.5,734.35,460.3
6483.1,1391.5,201.15,512.4,2078.3,199.3,187.5,546.5,1461.2,721.35,457.05
6524,1361.8,198.75,523.5,2055.9,197.55,186,537.85,1430.2,730.4,455.05
6516.6,1311.1,192.05,532,2071.6,195.15,179.75,537.25,1430.2,694.5,444.15
6504.2,1293.9,186.35,529.7,2038.7,196.5,178.7,527.95,1400.8,679,445.1
6493.1,1270.3,183.1,521.25,2013.4,188.2,179.85,524.65,1410.9,664.3,434.15
6516.9,1283.7,186.3,534.65,2021.5,186.95,178.15,522.5,1389.7,665,429.6
6511.9,1266.7,184.2,534.95,1979.8,187.6,181.25,505.4,1393.4,655.85,427.9
6537.2,1269.9,184.55,534.9,1977.9,184.55,181.45,508.55,1356.8,655.9,431.55
6526.6,1258.7,183.05,524.5,1973.3,189.75,181.75,514.05,1386.2,641.4,448.35
6401.1,1284.8,189.4,520.35,2007,188.45,185.6,512.6,1348.7,660.25,448.7
6328.6,1257.3,183.75,514.6,1991.5,187.55,188.1,501.55,1356,660.3,444.1
6298,1248.8,181.45,498.05,1973.7,182.9,183.15,495.85,1380.8,656.75,443.15
6221.5,1244.6,180.65,494.45,1968.4,183.75,179.5,493.05,1398,643.35,413.2
6277,1232.2,180.45,487.6,1964.3,188.85,183.25,493.7,1418.5,642.15,415.55
6238.8,1251.2,184,507.8,1985.4,187.9,184.4,480.3,1426.8,647.25,418.75
6200,1264,182.2,506.55,2005.2,183.7,187.9,484.55,1406.9,652.8,415.3
6186.1,1261.7,181.6,532.2,1955.8,172.8,186.9,480.6,1328.3,649.5,400.6
6155.5,1208.5,173.9,535.15,1957.1,166.5,178.5,474.45,1306.8,615.15,386.6
6091.5,1163.8,169.35,527.45,1919,166.7,176.2,474.65,1295,612.2,380.65
6152.8,1134.2,168.8,528.05,1923.3,162.5,175.5,475.55,1253.8,576.55,377.3
6127.1,1098.8,167.75,524.05,1918,167.2,171.45,473.05,1265.9,545.6,377.65
6073.3,1103.5,167.35,512.45,1942.7,162.05,167.25,472.95,1236.2,550.65,377.75
6048.4,1090.8,165.5,517,1923.3,159.45,160.25,476.55,1235.2,537.8,371.95
6001.1,1084.2,163.9,483.5,1900.2,156.45,158.95,472.1,1235.5,537.35,364.25
6084,1069.5,159.95,489.2,1862.1,150.5,164.65,470.2,1189.8,527,360.8
6062.7,1066,161.9,493.25,1858,151,166.7,464.2,1156.8,518.3,346.4
6053.5,1009.5,152.6,502.75,1840.4,150.6,164.75,462.2,1164.7,513.4,351.6
6063.2,1025.7,154.6,501.4,1823.3,149.7,163.75,468.6,1164.6,531.45,354.7
6036.3,1020.5,152.9,503.9,1846.2,147.6,159.15,473,1115.3,537.7,357.8
6022.4,1012.6,151.3,490.4,1846.8,148.4,150.8,472.95,1102.7,533.75,355.5
6000.9,1010.5,151.4,487.8,1839.9,151.75,147,472.3,1101.2,536.15,354.45
6001.8,1017.2,154.25,492.3,1905,157.25,143.85,470.05,1119.2,531.6,364.8
6089.5,1038.6,158.5,500.65,1926.7,154.95,145.8,477.4,1122.6,561.7,359.45
6073.7,1050.3,160.9,490.5,1936.8,155.85,148.1,483.7,1120.1,560.1,354.6
6120.2,1049.9,162.25,506.85,1933,155.55,147.85,486.95,1125.8,562.3,352.15
6126.2,1045.8,162.8,493.35,1935.2,156.7,147.75,490.5,1102.8,557.5,352.65
6135.9,1018.8,155.8,491.05,1896.8,160.6,146.15,483.95,1121.2,537.75,354.15
6266.8,1008,155.05,478.45,1893.6,163.4,145.75,483.9,1123.2,542.45,355.85
6345.6,1000,155.95,469.25,1871.8,167.5,146.75,476.1,1123,542.35,356.5
6339,1000.9,155.5,471.4,1835.8,172.85,143.9,471.15,1119.5,531.45,363.6
6313.8,1010.9,159.3,453.55,1902.8,172.9,146.55,472.25,1110,548.95,352.45
6304,983.1,157,438.15,1920.5,170.7,141.75,478.6,1139.7,533.35,354.7
6261.6,989.9,158.75,418.55,1913.5,164.35,146.55,482.75,1122,556.05,342.15
6318.9,995.2,158.5,412.35,1945,162.55,141.9,478,1160,567.6,337.9
6320.9,984.85,157.7,421.15,1912.6,165.1,143.95,475.95,1207,569.95,342.95
6241.9,999.9,163.55,426.1,1933.7,170.9,144.75,478.4,1216.3,602.55,346.4
6272.8,1020,171.15,436.25,1936.1,169.35,148.25,473.15,1186.8,627.4,343.6
6171.5,1023.6,171,435.15,1950.5,170.15,147.65,473.75,1189.1,631.65,337.45
6168.4,1031.5,171.15,409.25,1942.5,173.45,147.5,479,1161.5,632.25,340.9
6174.6,1029.9,172.05,384.95,1932.9,171.3,150.95,490.1,1152.8,622.35,339.45
6162.2,1030.2,169.85,396.75,1934,169.1,148.8,491.75,1177,628.9,330.3
6191.5,1034.1,169.45,383.25,1907.9,166.2,150.3,496.5,1178.2,639.85,327.1
6211.1,1028.5,170.1,388.75,1895.4,162.7,149.7,492.95,1175.7,643,327.65
6221.1,1021.8,168.1,380.7,1873.4,164.15,147.05,487.2,1183.5,620.7,331.65
6304,1039.8,170.15,389.75,1899.2,162.55,143.8,494.6,1164.5,617.8,325.95
6291.1,1034.7,167.85,392.6,1901.1,162.55,148.15,492.75,1185,612.45,325.35
6313.8,1055,171,405.65,1909,163.05,149.6,490.1,1212.8,620.15,317.05
6278.9,1087.8,174.9,408.4,1918.2,165.25,150.35,490.5,1234.3,629.85,323.8
6268.4,1083.9,175.15,411.4,1890,164.4,146.05,490.2,1256,616.75,329.85
6284.5,1083.9,176.45,395.1,1889.8,166.1,150.8,490.4,1260.7,637.9,329.15
6274.2,1088.7,177.7,379.1,1899,169.35,150.1,489.4,1272.8,649.95,339.55
6166.6,1098,179.45,391.6,1898.5,175.35,152.6,485.5,1291.8,650.2,349.6
6217.1,1107.7,183.7,392.9,1917.7,176.45,156.15,499.85,1299.7,657.7,347.7
6139,1108.2,182.75,392.15,1910.5,179.35,155.3,490.75,1286.8,645.75,348.4
6154.7,1096.2,181.45,390.85,1900.4,173.25,157,487.65,1293.2,642.35,351.5
6168.4,1120.4,184.65,402.85,1935,174.7,159.95,485.15,1298.2,651.65,354.3
6237,1109.4,183.65,399.7,1950,172.4,160.05,489.5,1282.7,647.15,347.9
6307.9,1110.1,181.3,383.85,1990.1,169.15,159.25,487.65,1290.4,646.85,347.05
6332.9,1103.8,179.5,378.3,1944.2,165.55,161.8,488.1,1276.8,657.75,343.8
6363.9,1096.6,179.75,378.45,1931.3,162.15,163.4,489.4,1258,652.3,337.7
6259.9,1083.7,175.95,376.7,1895.6,163.25,167.1,486.05,1283.2,638.35,346.65
6241.1,1095.8,179.8,354.8,1931.2,154.45,158.25,497.1,1255.6,650.3,342.2
6161,1088.8,175.9,348.95,1866.7,154.95,157.75,491.25,1260.7,649.3,338.65
6201.9,1087.6,175.35,309.85,1903.8,154.85,156.35,486.4,1239.9,657.65,342.4
6217.9,1090.6,179,297.95,1907.5,161.4,152,493.75,1247.5,660.2,350.15
6176.1,1118.8,182.3,304.7,1951.2,162.05,154.05,498.25,1273.1,680.1,350.15
6091.9,1135.1,188.1,306.7,1994,165.65,156.8,501.8,1265.6,689.15,357.3
6057.1,1150.8,189.65,306,1987.2,171.7,159.9,504.3,1302.7,704.2,365.5
6059.1,1165.6,193.3,306.55,1978.8,171.35,164.55,504.35,1280.7,696.7,363.8
6115.4,1115.8,185.2,302.7,1950.5,170.55,163.45,503.95,1241.2,682.45,357.85
5995.5,1106.9,185.9,307.25,1939.8,164.1,160.4,504.05,1189.7,668.85,350.2
5999,1100,183.8,306.65,1933.5,163.35,154.8,502.25,1192.3,645.75,350.1
6122.9,1100.8,186.3,304.25,1955.7,159.25,158.25,504.25,1191,648.55,345.3
6203.4,1094.2,184.55,293.85,1964.9,156.05,159.5,504.95,1155.3,651.55,340.45
6189,1096.5,185.35,291.7,1974.8,150.85,158.05,503.35,1121,644.6,334
6056.1,1068.5,182.55,289.6,1951,146.4,156.95,504.55,1120,614.85,330.15
5989.6,1068.5,178.85,291.8,1947.3,147.85,151.6,504.4,1114.9,612.85,325.5
6018,1071.7,177.95,284.5,1939.7,144.15,157.7,506.8,1116.3,608.75,347.5
6078.8,1079.2,179.35,278.9,1938.2,137,161.2,516.45,1084.2,633.1,332.7
6140.8,1049.9,174.45,275.35,1893.5,137.15,153.05,508.2,1085.5,609.3,331.05
6187.2,1030.8,171.45,273.5,1935,140.95,151.9,510.5,1131.4,607.6,335.75
6215.1,1064.2,177.2,278.75,1975.3,141.5,155.9,524.55,1137,628.4,345.5
6253.1,1055.7,178.7,278.8,2015,139.85,154.5,530.65,1138.3,640,352.05
6307.2,1064.3,179.2,282.05,2029.4,135.7,154.5,526.2,1097.7,620.4,343.65
6299.1,1044,176.35,273.3,2032.7,133.5,152.85,513.75,1029.5,603.65,333
6251.7,1040.9,175.6,271.7,2022.8,131.7,145.5,522.7,1049,584.25,339.85
6220.9,1026,172.8,268.45,2024.2,134,146,531.05,1077.5,576.1,339.5
6101.1,1053.4,173.5,260.45,2037.8,135.45,149.6,547.6,1118.4,589.75,352.3
6144.9,1089.5,176.95,238.35,2067.5,134.45,148.4,556.5,1171.3,601.1,356.85
6164.4,1116.3,180.25,242.5,2101.8,140.45,148.2,551.4,1212,604.35,369.5
6178.4,1110.4,180.6,240.85,2078.2,142.3,150.7,551,1227.5,642.3,372.7
6202.8,1139,186.55,236.75,2095.9,144.65,151.5,546.05,1219.5,663.7,364.95
6205,1144.2,188.85,229.9,2126.1,143.45,144.8,538.95,1220.2,678.15,355.6
6189.4,1141.3,188.05,216.75,2124.2,140.95,144.95,540.85,1222.9,671.65,359.55
6045.9,1136.7,188.45,218.3,2129,139.15,145.65,538.4,1222,643.2,361.3
6089,1150,192.7,213.15,2135.7,136.3,146.2,527.9,1251.2,580.7,351.35
6112.7,1149.2,195,210.2,2095.6,136.4,144.85,518.65,1190.2,593.4,346.75
6096.2,1113.2,190.1,215.35,2072.8,137.15,145.05,502.2,1189.8,569.45,348.35
6021,1136.7,191.75,215.7,2079.7,140.15,144.35,513.35,1207.2,595.8,356.45
6007.5,1152.3,193.95,216.4,2082.6,142.55,154.6,521.1,1210.3,597.75,356.3
5928.4,1157,196.65,221.55,2097.1,145.35,158.85,521.6,1200.3,589.35,361
5906.1,1136.2,196.15,218.9,2137.3,145.7,159.7,523.3,1177.6,563.55,362.05
5907.3,1149.8,198.15,207.85,2150.3,147.95,156.95,516.5,1157.3,566.8,361.85
5909.7,1142,197.95,203.75,2152.8,146.35,152.6,486.95,1095,554.45,347.45
5780,1129.5,196.2,206.3,2164.9,145.85,149.85,485.9,1081.3,536.9,342.65
5735.3,1130.8,197.85,210.1,2124.2,144.75,151.2,479.35,1111.2,551.4,342.05
5833.2,1153.8,199.55,208.3,2138.2,147.05,150.85,470.8,1098.9,571,339.05
5882.2,1126.6,194.5,210.75,2139.8,147.25,150.25,483.65,1066.2,562.25,343.45
5873.9,1130.8,196.45,210.95,2138.4,147.95,145.9,479,1077.5,535.75,340.35
5892.5,1124.8,195.9,206.05,2152.3,144.7,145.8,469.6,1067.2,530.65,341.9
5889.8,1127.2,194.15,208.95,2115.9,146.15,144.65,459.45,1069.2,520.5,352.2
6012.1,1124.4,192.35,210.05,2126.9,143.95,144.3,463.25,1094,516.8,341.55
6115.5,1132.2,189.5,211.5,2119.1,143.75,143.2,466.95,1106.2,520.2,333.6
5899.5,1140.7,190.45,208.8,2119.7,141.4,140.75,470.8,1043.8,524.8,326.4
5850.2,1099.8,180.2,202,2016.9,137.35,138.6,454.65,1007.3,498.8,330.2
5840.5,1112.5,183.15,201,1988.2,143.95,138.45,459.35,1031,493.6,328.55
5850.6,1100.7,184.4,194.55,1992.2,150.4,140.6,471.05,1030.5,500.85,309.75
5850.7,1095.5,184.7,192.2,1993.5,141.45,140.95,478.5,1032.9,509.3,305.1
5913.1,1095.5,188.85,191.9,2005.1,131.35,140.25,478.5,1026.3,509.6,315.85
5896.8,1095.6,189.55,188.5,2032.7,129.9,138.65,485.85,1030,504.75,323.3
5680.4,1110.6,190.05,188.75,1978.7,135.25,139.35,486.15,1103.2,511.4,334.05
5680.4,1122.2,192.9,185.65,1995.3,133.75,139.35,487.55,1140.2,549.6,335.15
5593,1098.8,187.65,177.45,2052.1,130.05,138.3,478.85,1080.2,577.7,315.65
5448.1,1064.8,179.5,177.35,2017,136.55,132.9,445.6,1052.8,530.15,314.35
5341.5,1060.4,178.85,173.25,2013.8,135.8,132.4,442.25,1084.3,518.9,317
5550.8,1042.1,178.7,182.9,1997.1,142.35,135.75,442.2,1057.5,535.5,305.2
5471.8,1044.8,180.3,182.75,2004,134.8,135.85,442.1,1020.6,530.6,303.55
5409,1026.4,180.6,186.85,1978.2,140.4,129,437.7,1030.3,520.7,311.8
5285,1052.4,185.6,188.05,1998.7,142.6,128.2,444.6,998.1,520.8,298.2
5287.5,1020.4,185.8,189.9,1980.2,141.55,129.2,445.4,953.4,481.6,299.7
5476.5,963.2,172.25,188.5,1911.5,137.2,126.9,424.55,927.45,488.55,287.6
5471.8,940.4,170.3,189.4,1898,126.8,122.9,406.5,802.05,502.65,271
5408.5,932.95,169.75,182.65,1885.2,119.4,123.45,403.95,782.65,465.25,267.05
5302.5,930.35,168.2,182.8,1834.8,120.8,122.15,398.8,862.65,460.45,277.35
5401.5,954.6,170.2,181.65,1854.5,118.75,130.55,423.3,835.75,472.4,271.9
5414.8,961.8,170.8,181.45,1839.5,117.5,125.55,418.75,850.75,462.9,270.05
5507.9,959.45,164,178.95,1741.6,114.2,127.3,403,838.7,452.45,268.85
5742.3,945.85,159.35,171.5,1730.5,112.05,122.85,391.9,878.85,445.45,290.15
5742.3,945.15,159.35,182.8,1726.3,123.8,123.55,410.55,936.45,459.8,305.1
5699.3,1001.8,163.5,179.5,1779.7,116.1,123.7,430.35,981.6,473.45,300.7
5612.4,990.4,159.45,180.05,1780.2,107.4,123.3,420.5,969.85,470.55,295.95
5565.6,998.6,157.9,172.35,1778.5,104.7,122.5,420.6,977.6,460.3,284.15
5565.6,1010.5,155.45,185.2,1733.3,101.5,126.9,414.7,980.45,452.7,298.35
5519.1,1074.8,162.45,183.7,1755.8,103.35,127.8,418,987.2,452.85,288
5542.2,1127.3,164.6,186.05,1762.3,105.95,131.7,426.8,1055.4,451.5,290.75
5685.4,1161.7,173.35,189.9,1846.2,118.65,142,417.65,1150,479.1,303.95
5677.9,1186.5,176.75,187,1908.5,120.9,145.25,434.3,1144,523.6,285.95
5727.9,1160.6,174.25,180.7,1859.5,119.8,144.3,440.25,1069.8,520.05,283.9
5742,1168.2,178.6,161.05,1807,117.55,144.2,436.35,1085.8,517.7,276.25
5755,1164.3,178.55,157.8,1783.8,115.9,141.25,431.1,1068.6,512.05,274.7
5831.6,1160.1,177.25,148.65,1771.2,112.95,133.95,423.65,1090,501.9,261.5
5886.2,1163.7,178.55,149,1809.4,120.9,129.65,437.65,1121.5,488.15,281.7
5907.5,1189.6,177.55,157.8,1874.8,149.4,123.85,474.4,1104,503.8,289.9
5990.5,1176,171.15,163.3,1908.4,150.65,125.55,497.65,1084.8,487.7,304.1
6077.8,1148.2,167.4,169.05,1932.8,158.25,140.7,496.55,1034.5,516.15,323.55
6031.8,1171.3,167.3,165.15,1935.7,152.65,125.4,507.1,1093,560.55,311.75
6029.2,1177.2,167.7,177.6,1927.9,156.95,135.85,510.25,1099.8,553.75,340.15
6038,1198.3,171.45,179.55,1995.8,158.8,139.45,5115.3,1107.2,565.85,351
5973.3,1210.8,178.85,178.85,2027.3,158.6,143.5,5079.1,1128,572.75,350.45
5955.2,1194.1,171,172.6,2003.3,163,147.3,5079.4,1122.7,582.4,347.55
6030.8,1231,191.1,175.55,2002.5,165.1,145.4,4988.9,1201.5,590.45,352.65
6009,1245.5,196.85,174.15,1978,161.5,146.45,4939.4,1200.2,618.15,346.25
5935.1,1236.8,198.65,173.7,1985.7,173.75,145.3,5076.9,1190.8,587.3,347.15
5816.7,1276.4,207.55,181.2,1967,188.9,146.5,5164.2,1238.4,569.7,343.5
5859,1276,210.9,175.3,1897.2,183.15,149.35,5215.5,1192.8,566.15,341.95
5811.5,1275.9,205.5,182.3,1910.1,182.75,146.5,5007.2,1231.5,548.65,347.1
5867.9,1257.8,200.35,189.95,1904.2,186.15,148.5,4833.7,1309.4,564.85,340.35
5837,1241.2,197.25,191.3,1901.3,187.85,149.15,4813.6,1289.8,590.55,343.2
5770.9,1242.5,196.7,191.8,1867.7,186.15,152.05,4824.9,1290,568.65,339.6
5857.5,1249.2,196.95,191.5,1875.1,184.05,149.85,4877.1,1256.8,567.65,336
5898.9,1249.8,193.8,191.85,1854.6,186.7,149.25,4779.1,1264,554.05,345.8
5842.2,1251.2,194.5,192.3,1895,182.65,149.55,4750.6,1255.3,568.3,345.6
5682.4,1256,192.75,187.75,1856.2,178.5,149.35,4667.6,1284.7,560.05,366.25
5588.7,1239.5,189.9,185.35,1872.8,175.3,148.75,4658.8,1266.2,558.1,366.6
5609.1,1237.2,187.85,184.25,1876.3,178.2,148.95,4564.4,1274.2,547.35,356.8
5590.2,1205.8,188.3,185.75,1895.7,183.7,149.05,4564.4,1308.9,543.85,371.7
5667.6,1232.8,187.65,186.9,1918,178.8,150.05,4673.4,1346.2,590.05,373
5655.9,1221.5,189.15,180.6,1923.1,174.3,151.5,4697.9,1323,590,365.6
5822.2,1223.5,186.7,176.7,1917.5,163.05,149.75,4630,1273.1,574.5,345.75
5813.6,1201.1,181.3,170.75,1836.9,163.65,149.6,4541.9,1250,566.75,347.65
5850,1167.8,177.6,175.45,1788.1,163.6,147.7,4491.5,1231.8,566.8,345.65
5808.4,1174.3,183.45,172.35,1799.9,165.5,145.2,4363.5,1242.2,567.5,338.3
5699.1,1165.1,180.55,170.95,1795,170.65,150.5,4392.1,1259.4,549.1,347.75
5760.2,1165.9,186.3,171.85,1830,171.3,151.1,4548.2,1239.8,549.3,351.45
5788.8,1175.5,184,181.3,1817.4,180.3,148.95,4568.2,1285.4,576.6,364.05
5878,1217,183.65,181.25,1835.3,180.65,150.6,4604.6,1287.6,614.95,364.85
5881,1213.2,178.95,180.6,1826.9,182.35,154.2,4578.9,1316.5,616.85,366.55
5921.4,1206.6,179.3,169.6,1807.2,176.4,149.9,4578.8,1298.4,635.3,368.45
5923.9,1216,178,165.8,1763.2,175,148.05,4559.2,1268.8,634.2,357.55
5919.5,1204.5,175,174.7,1708.2,179.25,143.15,4441.8,1276.6,624.55,362.95
5939.3,1212,174.15,172,1744.2,181.5,144.35,4490.8,1320.4,651.9,359.5
5986,1226,175.65,175.95,1783.2,184.1,148.3,4486.6,1356.3,652.05,367.1
6124,1225.7,173,184.15,1768.5,189.8,151.1,4540.3,1378.1,652.3,376.1
6104.3,1205.2,171.95,185.7,1746,192.2,152,4579.6,1418.6,658.55,372.3
6111.2,1207.5,174.95,186.95,1748.4,194.45,152.65,4623.4,1384.8,674.5,372.8
6083.1,1203.4,171.5,185.35,1760.5,195.5,154.05,4677.1,1396.7,660.45,371.2
5983.5,1218,174.9,177.6,1769,197.1,155.2,4689.2,1431.2,660.45,367.55
5967,1224.2,178.8,170.65,1762.2,199.95,153.45,4695.4,1430.7,662.35,375.7
6094.5,1218.8,183.25,177.4,1822.7,205.35,151.85,4864.2,1433,653.95,383.6
6114.1,1241.4,182.35,176.55,1838.2,203.15,154.45,4909.7,1458.2,683.8,378.25
6156.9,1235.2,183.85,179.05,1824.9,203.25,153.4,4812.5,1468.9,679.35,380.75
6187.3,1244.2,185,177.95,1840.5,196.75,157.5,4821.8,1476.6,684.05,377.25
6169.9,1242.8,185.6,171.55,1816.6,192.85,157.7,4827.9,1458.5,683.6,383.3
6146.8,1222.7,185.55,174.5,1803.5,195.8,156.35,4804.9,1455.5,692.4,379.95
5995.4,1206.9,185,182.25,1813.2,203.4,152.15,4800.8,1514.3,689.3,389.2
5980.5,1222,186.35,180.8,1850.7,205.6,154.65,4832.1,1521.2,713.5,402.55
6094.8,1221.8,185.7,190.05,1855.5,201.9,161.25,4782.4,1530,734.65,409.55
6050.1,1248,188.2,192.25,1864.9,201.35,167.55,4777.4,1532.8,737.15,418.35
6069.3,1258.7,190.45,192.9,1833.8,193.6,168.25,4809.3,1530.1,738.75,421.8
6043.5,1249.8,186.6,194.45,1807.8,191.4,161.9,4859.2,1508.8,727.95,415.95
5971,1229.7,186.4,190.05,1821.8,188.95,152.25,4824.1,1467.2,728.65,409.6
5944,1205.7,186.1,190.35,1783.7,190.2,149.95,4742.4,1451.1,703.05,409
5999.4,1208.3,186.1,194.85,1817.8,195.8,150.5,4703.1,1472.7,691.85,417.85
5930.2,1239.4,189.5,194.9,1863.5,196.5,150.85,4713.8,1468.5,704.7,414.8
5930.2,1241.2,189.05,188.95,1859.2,195.7,150.75,4636.8,1452.8,704.85,409.9
5904.1,1214.2,186.7,193.75,1829.5,195.15,151.1,4673.6,1490,699.15,409.2
5871.5,1214.5,183.9,194.4,1838.3,196.5,153.9,4849.8,1503.8,692.1,406.9
5916.3,1225.2,186,197.15,1849.3,193.1,150.55,4897.5,1461.5,704.95,408.25
5836.9,1210.5,186.4,196.55,1827,191.5,152.3,4855.8,1474,697.95,403.35
5836.9,1229.8,188.2,199.4,1812,191.7,155.3,4696.4,1516.7,699.2,417.25
5834.4,1249.3,190,190.75,1859.7,192.5,146.25,4726.6,1493.1,710.5,414.6
5783.1,1237.1,186.45,192,1881.8,191.3,145.05,4681.8,1474.3,698.7,415.4
5783.1,1243.5,185.65,190.2,1897,188.9,145.45,4701.2,1486.8,698.7,413.2
5688.7,1245.9,187.7,191.4,1893.2,192.45,144.8,4706.1,1503.5,697.2,416
5689,1254.7,190.55,188.35,1836.5,189,145.45,4654.2,1443.8,705.75,412.5
5568.4,1214.9,186,189.6,1804.2,191.35,146.95,4648.8,1440.4,692.3,415.45
5528.5,1214.3,187.9,181.8,1762,185.7,150.05,4643.8,1430.5,698.55,405.35
5594,1212.8,188.75,184.5,1791.8,182.8,145.1,4648.2,1377,688.4,400.4
5558.7,1188.7,187.25,180.35,1787.3,182.35,141.05,4648.4,1363.3,676.4,405.45
5495.1,1175.3,180.05,175.85,1768.1,178.55,146.25,4687.9,1291.3,679.3,394.7
5543,1139,175.15,174.85,1725.9,179.45,145.2,4639.4,1263.4,677.95,374.35
5553.2,1149.5,175.45,168.15,1720.5,178.45,148.45,4667.2,1251.6,656.1,366.65
5574.8,1142.7,170.8,159.65,1697.2,177.8,149.15,4552.7,1239.2,648.2,369.6
5672.9,1151.8,169.95,158.45,1721.7,178.65,151,4536.1,1201.9,649.2,373
5748.1,1131.7,169,159.8,1702.7,182.35,144.6,4530.9,1202.8,636.85,380.3
5704.4,1127.9,168.2,157.65,1704.2,177.7,143.6,4627.5,1228.5,644.2,375.35
5682.5,1129.5,164.3,162.35,1696.9,178.55,144.5,4769.6,1246.8,655.4,369.7
5641.6,1138.3,167.55,160.15,1673.9,182.85,141.15,4802.1,1278,656.15,373.7
5641.6,1159.5,171.25,157.45,1691.8,185,145.7,4878.6,1305.2,670.3,377.9
5633.9,1176.7,177,151.75,1756.5,181.95,146.75,4891.8,1314.6,696.25,377.1
5651.4,1160.4,174.4,145.9,1783.8,176.95,142.2,4946.7,1301.2,684.65,378.15
5658.8,1161.2,173.45,130.65,1794.9,176.3,138.75,4914.4,1294.5,677.8,374.65
5694.4,1157.4,168.65,136.8,1795.2,179.45,131.7,4895.7,1311.5,663.45,372.6
5746,1156.2,173.2,139.75,1802.2,180,128.1,4877.8,1299.8,660.15,365.2
5835.2,1147.3,175.7,145.6,1822.8,179.8,124.15,4948.2,1311.8,676.25,367
5872.6,1123.5,168.8,151.65,1755.3,182.15,126,4904.8,1300.3,651.2,380.55
5909,1148.2,175.6,157.2,1840.1,186.3,132.45,4993.9,1322.2,687.4,381.5
5851.2,1196.1,178.9,155.85,1835.4,196.2,135.85,4909.1,1324.8,701.55,391.05
5914.1,1225.2,181.75,160,1814.2,198.05,138.65,5003.8,1342,718.5,399.95
5942.4,1251.7,187.95,164.3,1852.5,198.8,138.45,5013.1,1354.2,720.3,397.1
5719.7,1259.2,190.4,160.6,1854.5,197.05,139.9,4890.6,1347.3,724.95,390.65
5719.7,1252,187.75,163.6,1893.4,201.05,135.3,4786.4,1383.8,720.55,397.3
5719.7,1285.4,189.95,167.1,1955.2,205.4,138.85,4749.6,1399,738.7,400
5719.7,1266.5,187.4,164.7,1985.9,207.3,142.1,4760.2,1407.2,740.05,405.15
5719.7,1262.8,187.6,164.15,2012.6,205.7,145.9,4659.8,1403.4,732,390.35
5719.7,1260.3,190.25,164.45,1995,203.1,145.9,4572.3,1399.9,726,384.4
5693,1254.2,192.3,165.25,1974.6,198.75,144.4,4451.4,1404.1,730.15,388.3
5796.9,1258.5,194.65,155.05,1970.8,200,145.7,4433.6,1367.5,712.2,385.1
5761.4,1220,186.7,160.4,1983.5,200.9,136,4320.4,1361.2,707.6,386.4
5854.8,1268,192.25,161.5,2023.5,201.2,139.85,4347.6,1343.3,708.7,371.8
5850.3,1271.1,191.85,172.45,1971.6,206.45,138.55,4290.4,1398.7,702.9,379.05
5852.2,1301.3,197.3,171.8,1964.7,202.1,143.05,4352.4,1367.9,735.85,375.35
5943,1295.3,197.25,173.4,1921.9,207.55,141.35,4395.9,1404.7,726.05,382.35
5939.7,1304,199.8,180.85,2006.2,204.9,147.9,4500.1,1413.4,730.65,388.65
5898.2,1300,197.85,179.9,1992.8,206.6,149.7,4530.2,1401.3,741.05,390.05
5887.4,1297.8,196.8,186.85,1979.3,210.8,145.7,4508.6,1438.2,745.55,393
5897,1311,199.25,186.65,1984.5,211.8,150.3,4556.1,1440.4,762.6,381.65
5933,1297.4,193.65,181.65,1992.1,207.65,152.45,4544.6,1432.7,765.5,379.55
5922.5,1262.1,190.7,184.95,1951,205.15,149.4,4496.4,1444.5,759.7,380.15
5897.9,1255.2,192,181.5,1974,204.25,149.85,4541.9,1431.7,757.75,387.4
5903.5,1245.7,190.5,181.1,2002.2,205.9,148.5,4515.5,1477,757.55,401.8
5938.8,1249.9,189.95,180.85,2018.2,209.1,154.35,4474.4,1483,760.9,410.8
5959.2,1239.3,188.95,182.4,2075.3,207.5,153.35,4507.6,1491.7,771.05,402.3
5956.9,1261,188.55,183.65,2044.4,208.5,152.95,4531.9,1453,765.6,401.6
5987.2,1304.5,189.85,186.55,2043.8,206,151.4,4522.7,1460.8,768.35,411.05
5998.9,1345.4,200.05,192.45,2062.2,208.55,156,4602.1,1460.7,773.1,418.75
6034.8,1330.1,205.55,191.35,2082,212.2,154.65,4618.7,1460.2,795.75,411.7
6055.8,1323.3,201.55,188.05,2091.9,219.2,150.6,4634.4,1481.1,783.5,418.55
6049.9,1300.6,196.7,191.95,2061.2,225.35,149.8,4633.3,1507.7,802.1,422
6074.8,1319.8,199.15,187.65,2053.4,227.7,149.9,4540.9,1505.2,867.15,410.5
6074.6,1322.5,202.3,186.8,2027.8,222.45,150,4502.1,1501,867.4,409.35
6019.4,1325.5,200.2,183.2,2027.2,223.7,142.35,4463.4,1475.9,832.65,409.85
6054.3,1305.7,196.75,190.1,2031.8,228.55,145.8,4426.9,1415,847.15,415.9
6048.5,1328.3,197,187.3,2086.5,229.5,136.95,4396.4,1384.1,870.1,419.9
6082.3,1330.8,198.75,184.65,2079.2,228.65,130.6,4407.4,1392.3,880.7,415.45
6064.4,1346.2,196.75,188.2,2011.7,230.95,129.6,4397.2,1398.9,841.1,424.5
6039.2,1352.2,197,189.3,2036.2,230.55,133.6,4442.4,1389.3,867.2,433.1
6001.9,1360,198,195.4,2061.8,231.65,135.4,4400.3,1383.8,871.95,440.2
6056.6,1335.2,199.6,192.6,2054.2,226.55,135.5,4296.1,1387.8,882.35,434.05
6024,1345,198.05,188.55,2055.9,225.75,132.7,4309.9,1404.9,884.6,395.9
5951.3,1361.2,199.6,188.25,2051.9,225.6,134.15,4332.6,1409.7,866.85,381.6
5968.6,1386,197.5,192.6,2075.6,229.3,135.6,4276.6,1422.5,872.35,385.25
5971.5,1387.3,197.85,192.3,2115.2,229.3,136.45,4313.4,1385.8,877.2,373.05
6001.7,1362.5,190.55,184.55,2092.8,227.15,135.9,4359.4,1364.4,878.1,371.2
5988.4,1360.7,186.45,190.55,2117,231.8,131.9,4302,1366.8,871.95,381
6016.1,1379.2,192.1,196.05,2139.1,237,135.95,4360.1,1348.8,883.1,384.4
6009.5,1397.7,197.1,200.45,2157.1,243.55,135.5,4358.2,1360.6,870.65,380.7
5993.2,1415,202.05,201.65,2198.6,240.15,137.75,4385.9,1370.8,881.5,385.65
5905.1,1418.4,203.3,201.65,2193.6,242.4,140.3,4394.7,1378.2,879.6,373.05
5908.4,1433.2,205.9,202.6,2204.5,238.2,137.15,4396.4,1389.7,884.15,366.55
5870.1,1438,206.05,201.55,2213.9,238.3,138,4397.2,1385.8,888.5,367.15
5905.6,1429.9,204.25,193.3,2202.6,232.75,138.45,4374.5,1362.2,888.65,356.8
5855.8,1429.9,201.65,189.3,2136.9,228.4,137.5,4421.6,1356.5,883.15,356.1
5847.7,1429.4,200.95,190.8,2131,227.45,135,4420.2,1358.5,866.95,353.05
5916.4,1408.8,200.95,189.65,2136.8,226.15,132.9,4390.6,1364.4,859.4,345.35
5929.6,1404.9,199.65,193,2134.8,230.15,134.2,4351.9,1351.5,859.95,348.25
5896.8,1411.8,201.2,194.2,2144.2,227.55,136.25,4424.1,1340.5,854.4,346.8
5857.9,1410.8,200.3,192.4,2106.8,227.65,135.2,4360.6,1320,847.25,344.15
5879.6,1396.2,199.65,195.1,2087.4,232,135.25,4346,1318,841.4,349.9
5851.5,1402.2,205.2,188.45,2113.6,233.45,139.75,4435.8,1334.3,858,357.9
5888,1415.2,211.1,190.85,2142.8,230.1,145,4424.9,1350.8,860.6,349.65
5898.8,1410.4,206.05,187.05,2095.9,220.95,143.05,4291.4,1359.8,849.7,345
5908.9,1412.2,204.35,183.4,2105.5,224.9,143,4249.1,1353,841.3,350.55
5907.4,1400.2,206.7,187.6,2080.2,228.05,135.75,4282.4,1325.3,843.3,351
5930.9,1396,206.15,193.45,2083.2,232.35,130.8,4300.6,1327.7,815.55,353.85
5900.5,1421,210.7,191.75,2055.5,237.05,135.4,4318.5,1325.8,818.5,358.7
5889.2,1427.7,211.55,191.95,2004,243.35,134.75,4296.2,1323,825.65,356.7
5871,1410.5,206.55,192.45,1959.2,242.9,137,4314.1,1334.2,828.25,358.25
5879.9,1414.2,206.25,195.6,1939.7,241.05,137.7,4309.4,1365.3,797.4,360.8
5825,1417.7,206.65,194.85,1951.1,237.65,135.05,4357.5,1334.8,791.6,357.95
5727.5,1427.7,207.15,197.6,1926.8,237.85,133.65,4375.9,1321.5,781.95,348.95
5727.5,1424.2,205.75,191,1956.4,237.05,134.45,4346.1,1318.9,771.75,344.05
5635.9,1434.2,209.65,188.05,1926.5,233.35,132.15,4350.4,1316.3,758.35,347.55
5626.6,1384,207.7,184.2,1930.5,222.4,129.7,4327.6,1305.5,763.05,336.5
5627.8,1395.4,207.5,180.2,1952.5,224,125.4,4317.7,1290,740.25,327.9
5614.8,1392,205.5,178.9,1859.5,221.5,129.3,4123.4,1265.3,729.3,316.05
5571.5,1380.8,200.65,172.6,1822.6,224.65,125.25,4073.7,1254.8,723.2,321.35
5571.4,1381,202.8,176.65,1816.7,221.3,123.1,4047.4,1257.2,727.4,325.6
5574,1391.3,201.9,178.65,1815.5,222,122.7,3962.5,1234.2,734.05,328.15
5631,1383.7,199.5,171.8,1820.1,228.15,123,3915.4,1219.5,729.75,326.2
5667,1376.2,195.7,174.35,1828.4,229.3,123.25,3850.3,1213.9,722.8,328
5667,1382.3,199.4,177.1,1854.1,229.95,127.55,3874.9,1226.2,728.7,328.5
5683.7,1381,202.9,173.6,1813.6,234.5,127.05,3950.3,1232.7,736.25,330.65
5686.2,1404.4,207.05,178.25,1835.6,232.15,131.15,4014.2,1223.6,752.05,333.65
5738.8,1424.2,210.1,178.45,1844.5,231.95,128.85,4083.9,1225.8,755.6,333.2
5760.1,1437.5,211.4,170.2,1855,232.3,129.3,4087.8,1215.5,760.55,338.05
5724.4,1452.7,214.05,178.45,1852,237.35,127.95,4114,1223,756.45,339
5704.2,1473.5,217.25,175.75,1845.5,236.4,130.8,4180.6,1233.2,769.1,339.5
5697.7,1470.2,217.9,175.5,1857.9,232.45,131.15,4109.9,1220.7,779.2,341.2
5645,1470.8,214.9,169.85,1849,230.9,134.6,4097.7,1214.5,753.15,339.5
5619.7,1433.5,209.85,170.35,1860.2,229.15,127.5,3953.8,1216.5,743.15,336.4
5597.9,1408.1,207.5,169.95,1898.5,226.6,127.65,3906.6,1204.6,743.1,337.95
5665.6,1392.1,204,158.3,1845,225.1,125,3875.7,1183.7,732.65,337.65
5664.3,1379.3,202.7,161.25,1814,228.1,126.6,3868.9,1184.8,725.1,338.25
5705.3,1378,203.25,158.2,1797.2,227.25,124.9,3883.6,1222.3,719.1,342.55
5691.4,1414.3,209.7,159.95,1806.2,242.25,124.45,3932.8,1231.2,754.1,348
5691.4,1404.5,208.2,163.15,1787.8,240.5,126.75,3918.8,1238.7,761,350.45
5717.1,1400.8,205.85,159.7,1764.6,239.7,130.5,3898.2,1220.2,771,348.8
5684.2,1404.2,203,161,1770.9,242.2,128.2,3914.8,1220.7,783.25,342.35
5718.7,1418.5,203.7,156.8,1782.5,242.1,129.5,3925.8,1199.5,783.35,339.3
5660.2,1408.2,206.45,158.9,1770.2,247.1,124.6,3881.7,1203.2,796.95,346.9
5648,1420,203.6,156.05,1773.5,246.85,124.2,3923.9,1150.7,799.9,344.15
5687.2,1427.7,203.2,154.75,1754.8,244.35,119.5,3911.5,1146.4,768.7,345.3
5676,1444.9,209.4,155.9,1750.8,249.15,120.1,3882.2,1118.5,766.8,349.55
5708,1488.8,214.6,159.7,1750.7,245.35,123.05,3865.8,1120.2,779.75,350.65
5652.1,1498.5,214.95,159.65,1743.6,251.55,125,3887.4,1134.7,777.1,352.95
5704.6,1440.8,209.2,151.95,1758.2,245.15,124.35,3895.2,1106.7,788.7,351.3
5676,1423.5,209.65,149.7,1741,250.25,120.55,3885.1,1128.2,767.5,357.65
5747,1430.3,210.45,143.4,1745.3,254.1,122.55,3879.4,1129.2,772.9,355.25
5787.6,1430.7,209.4,138.4,1750.7,263.15,123.5,3887.6,1141.2,771,356.15
5731.2,1457.8,216,144.3,1751,266.05,127.9,3815.2,1141.2,793.2,359.7
5718.8,1480.3,217.35,146.6,1765.2,249.65,129.1,3874.9,1113.7,791.9,348.15
5718.8,1462.8,214.2,144.1,1783.9,251.45,129.15,3907.9,1130.7,780.5,351.4
5703.3,1456.1,209.15,141.7,1812.2,246.85,125.3,3939.6,1136.8,786.1,346.35
5649.5,1469.2,201.95,140.8,1832.5,248.25,127.35,3936.5,1127.2,798.55,346.95
5663.5,1442.5,201.4,140.4,1816.4,253.1,122.2,3863.4,1125,777.65,350.35
5673.9,1429.4,202.4,137.95,1797.4,253.8,122.9,3887.6,1102.7,774.1,348.2
5669.6,1375.3,194.8,129.8,1789.8,247.2,120.3,3929.3,1132.8,780.1,344.75
5691.1,1368.2,193.7,130.3,1808,232.3,120.1,3978.9,1124.7,771.8,347.6
5554.2,1381,195.2,128.7,1800.3,216.85,115.85,3944.1,1044.2,779.25,345.45
5600,1357.7,191.5,129,1788.5,225,115.6,3895.7,1069.8,747.4,337.15
5600,1368.4,192.15,127,1748.2,213.4,117.05,3895.6,1053.7,745.4,338.7
5610,1368.9,193,126.1,1737.3,204.6,112.05,3881.7,1009.5,725.6,350.05
5577.6,1385.5,197.05,128.45,1743.7,200.75,111.6,3892.8,949.75,678.55,354.55
5435.4,1341.8,190.95,129.4,1712.8,197.65,110.4,3839.8,956.15,640.5,347.95
5431,1354.6,191.25,131.1,1692,200.95,111.05,3845.7,953.1,644.5,349.25
5390,1352,190.75,131.35,1710.6,198.15,112.45,3770.2,953.25,644.75,343.05
5363.5,1336.1,189.6,127.85,1704,202.5,113,3736.7,978.5,632.85,344.6
5342.1,1341,189.8,123.15,1684,204.85,112.85,3766.9,976.65,632.8,344.8
5238.4,1342.2,189.5,119.3,1687.2,201.35,113.3,3765.8,948.75,628,347.85
5225.7,1335.2,188.6,116.3,1642.8,208,114.25,3692.1,930.35,610.5,344.9
5274,1301.5,180.4,118.75,1645.7,218.9,115.35,3646.1,978.25,612.65,346.8
5253.8,1302.2,181.55,118.2,1648.2,216.45,116.3,3686.5,977.5,629.5,340.3
5258.5,1308.3,181.9,110.7,1664.5,214.35,115.9,3653.2,999.9,627.8,337.1
5315,1312.5,185.45,109.75,1615.4,218.95,112.65,3653.3,1012.9,632.25,347.3
5287.8,1324.8,188.75,112.2,1630.3,216.4,114.4,3689.8,1019.5,634.15,354.6
5350.2,1337.3,187.15,111.35,1627.2,222.85,109.05,3701.4,1016.5,624.35,354.3
5386.7,1334.4,186.7,111.15,1694.3,224.9,108.9,3727.4,1038.9,626.95,353.75
5415.4,1346.5,188.3,111.85,1722.8,231.15,108.1,3663.4,1076.4,625.1,354.6
5412.9,1340,190.3,107.7,1712,233.35,111.9,3678.8,1094.5,643.75,350.4
5421,1346.3,190.8,107.15,1708.4,232.2,111.15,3696.3,1110.8,646.45,348.5
5366.3,1360.5,193.4,104.75,1725.7,231.65,116.9,3690.9,1111.5,645.15,338.9
5366.3,1356.2,194,102.85,1712.1,229.05,120.1,3693.4,1109.9,636.4,341
5363,1327.7,189.15,104,1696.5,230.3,123.75,3684.7,1114.2,635.85,344
5380.4,1337.7,191.85,104.1,1690.2,231.75,127.5,3711.7,1107.2,644.05,347.8
5380.4,1355.5,194.9,105,1691.5,232.6,127.95,3773.4,1079.3,639.45,351.9
5347.9,1360.5,196.55,103.15,1708,228.8,124.8,3773,1070.6,627.9,352.1
5320.4,1341.7,194.2,101.9,1679.8,230.85,126.1,3718.8,1086.7,627.55,341.1
5323,1338.3,193.3,110.35,1691,231.45,126.85,3750,1096.5,646.95,351.5
5338,1341.5,192.55,112,1675.2,232,124,3734.3,1090,658.25,340.95
5336.7,1334.7,190.5,112.55,1668.2,228.75,122.65,3738.9,1063.7,658.4,344.15
5282.5,1315.2,184.5,113.45,1633,224.65,123.75,3750.3,1040.8,653.3,352.65
5215.7,1308,182.55,112,1613.3,223.05,121.15,3750.2,1057.7,650.9,354.95
5227.8,1317.3,183.55,113.35,1625.2,220.3,121.35,3650.1,1045.8,656.7,359.6
5240.5,1322.7,185.3,108.6,1614.9,215.7,121.2,3615.4,1042.7,663.95,363.5
5229,1319.6,180.25,104.5,1601.3,216.2,119.95,3637.1,1041.5,656.05,365.8
5199.8,1298.2,179.55,101.35,1604.6,208.25,118.4,3574.6,997.85,672.6,355.75
5099.9,1292.3,180.5,103.7,1582,212.35,114.4,3504.7,1005.5,649.6,360.7
5043,1261,179.3,107.5,1583.1,216.25,117.5,3464.1,1028.3,665.95,365.85
5109.6,1276.7,174,108,1561.7,217.7,115.1,3529.2,1038.8,677.3,372.35
5128.2,1269.3,168.1,108.4,1559.3,219.8,117.1,3564.4,1026.9,686.85,375.15
5118,1253.2,166.9,108.3,1561.2,228.85,112.7,3601.8,1041.1,682.3,383.05
5205.1,1259.3,168.85,109.15,1590.6,234.65,113.9,3723.9,1057,696.25,387.8
5242.7,1262.8,169.95,111.15,1549.2,229.65,112.25,3624.4,1036.5,696.7,377
5216.3,1266.3,170.05,109.7,1522.3,226.25,113,3661.6,1023.3,715.25,376.45
5192.9,1257.8,168.9,110.55,1447.2,230,113.35,3657.8,1045.3,729.25,387.3
5197.2,1257.3,168.45,112.25,1483.2,231.3,115.6,3689.3,1034.8,725.45,386.75
5227.2,1262,167.95,113.85,1497.2,231.15,117.05,3710.2,1047,719.55,784.9
5235.2,1263,169.1,112.9,1491.5,232.65,118.9,3722.2,1066.5,722.15,777.05
5306.3,1264.8,170.4,114.35,1513.4,235.85,120.6,3695.9,1075.2,735.2,768.6
5345.4,1271.6,170.3,111.45,1523.2,233.65,121.15,3691.9,1035,729.9,762.25
5275.1,1280.5,167.95,115.55,1504.2,236.2,121.2,3682.1,1037.5,711.15,764.1
5317,1296,172.9,115.3,1539.5,235.35,122.5,3713.2,1044,725.6,756.35
5327.3,1296.6,174.95,115.1,1555.3,233,124.05,3781.1,1042.2,733.5,752.55
5302.5,1288,174.9,116.4,1583.5,231.4,124.6,3878.3,1044.2,731.45,759.2
5288,1297,175.6,114.25,1562,235.15,124.3,3938.2,1029,723.75,747.2
5278.6,1312,175.75,109.95,1561,232.1,124.85,3919.6,1015.8,727.65,745
5278.9,1267.5,173.95,107,1572,221.2,121.2,3881.8,971,732.5,751.35
5149.1,1221.9,173,107.75,1550.5,220.45,119.25,3747.6,1000.8,721.2,749.65
5141.9,1205.8,170.1,108.15,1560.3,219.25,118.3,3769.5,1003.2,715.95,751.25
5120.8,1220.5,170.45,108.2,1559.2,217.5,118.25,3763.1,1010.8,706.65,748.45
5114.6,1208.6,167.7,109.05,1550,221.1,116.8,3814.2,1014.4,698.1,762.85
5146,1214.5,167.05,108.1,1545.3,222.75,117.8,3884.7,1025.6,706.5,763.5
5165,1256,171.6,106.5,1537.3,215,117.8,3904.3,1002.9,698.8,758.6
5120.5,1271.1,175.45,105.25,1535.2,211.55,117.3,3887.4,1001.6,679.95,751.1
5103.9,1227.8,170.75,106.15,1537.5,214.4,114.9,3884.6,999.75,670.6,737.55
5064.2,1222.1,166.05,108.9,1542,218.6,115.15,3864.7,1032.2,677.95,740.65
5139,1218.7,167.8,105.9,1527.5,217.25,115,3885.8,1012.4,702.75,737.1
5054.8,1188.2,163.4,105.8,1549.4,220.65,114.4,3868.5,1046.6,694.7,729.7
5121.5,1180.3,163.55,107.15,1561.2,219.35,120.75,3874.6,1057.9,719.15,732.9
5115.9,1187.8,158.3,107.75,1571.5,216.35,122.45,3881.9,1036.5,728.6,711.1
5054.1,1149.9,150.55,106.45,1560.3,221.25,123.7,3835.8,1049.2,715,702.5
5068.4,1147.1,151.05,110,1528.7,217.8,124.5,3829.6,1057.8,725.05,701.85
5049.6,1154.2,151,109.1,1545.1,215.2,125.35,3844.1,1020.4,720.05,704.45
4997.1,1158.5,152.55,106.25,1543.2,210.1,124.2,3827.3,990.2,720.7,703.55
4863.3,1130.2,146.1,105.6,1494.2,207.05,122.65,3720.8,987.5,690.3,715.95
4848.1,1124.7,150.05,104.95,1491.6,206.7,123.6,3684.8,964.1,678.1,694.25
4841.6,1127,148.25,109.15,1499.5,211.95,124.65,3777.2,971.55,660.35,696.5
4924.2,1140.2,151.05,108.25,1513,211.15,123,4034.7,1001.9,687,691.05
4950.8,1163,150.7,110.5,1518.8,217.8,118.5,3821.9,1023.7,688.45,700.15
4990.1,1138.9,146.2,117.1,1526.5,217.1,118,3837.1,1027.7,694,717.2
4985.6,1162.8,144.95,116.8,1512.7,208.4,114.65,3821.9,1000.5,686.9,731.1
4920.4,1144,143.6,115.35,1496.3,208.25,114,3757.2,997.65,671.85,725.9
4921.4,1152.9,141.9,107.7,1503.2,208.8,112.05,3746.2,963.8,682.6,721.9
4835.6,1131.7,138,110.15,1487.1,208.6,110.3,3670.8,966.1,657.2,728.1
4860.5,1129.8,140.2,108.1,1507.7,206.45,111.75,3683.1,962.95,670.4,725.7
4891.5,1144.9,143.05,108.05,1522.3,201.4,112.3,3744.8,948.8,665.5,724.6
4870.2,1159.8,144.25,106.15,1533,205.7,112.05,3708.4,949.95,640.55,735
4858.2,1170,148.65,106.25,1574.3,208.75,113.8,3691.3,971.25,642,751.8
4942.8,1171.8,143.15,106.25,1616.5,216.85,111.35,3752.8,992,640.8,728.15
4907.8,1174.4,145.45,103,1609,216.75,114.9,3759.2,994.4,634.05,710.45
4928.9,1172,145.5,109.2,1583.2,221.15,114.45,3700.7,1001.4,624.95,700.95
4965.7,1167.7,143.95,113.8,1555.2,219.3,121,3618.6,978.9,649.1,704.3
4974.8,1200,146.15,116.85,1502.9,216.15,124.6,3654.6,962.55,640.65,684.85
5000,1203,146.5,123.8,1511.8,216.15,122.85,3699.6,982.8,641.45,677.9
5114.1,1224,144.9,125.85,1494,227.2,123.2,3652.8,1022.5,658.6,684.65
5086.9,1230.3,145.55,120.45,1515.5,214.1,127.95,3634.3,1009.9,680.15,652
5188.4,1206.2,142.35,124.7,1501.8,225.2,123.8,3617.3,1058.4,687.05,660.95
5239.1,1205.4,146.3,128.9,1560.5,223.85,125,3600.9,1102.2,730.9,658.9
5248.1,1211.3,148.45,130.95,1593.2,224.9,126.55,3533.4,1106.6,757.4,671.4
5248.1,1234.7,150.9,131.1,1623.1,229.35,127.45,3523.1,1120.7,766.95,667
5190.6,1204.8,148.8,127.2,1594.3,228,125.5,3539.8,1103.2,764.3,662.3
5189,1196.5,148.65,126.4,1582.5,231.4,125.65,3516.4,1086.2,761.25,661.55
5202,1215.8,150.55,127.35,1605.5,231.8,125.05,3482.8,1094.9,766.75,686.3
5222.6,1195.3,150.1,129.45,1654.2,237.3,129.35,3436.8,1114.2,763,687.3
5200.6,1217.5,151.55,128.65,1647.5,235.75,128.55,3459.9,1134.5,757.4,674.35
5290.9,1243.8,158.2,133.15,1673.2,246.05,127.4,3459.1,1178.8,744.15,695.45
5332.4,1225.5,160.7,133.2,1708.8,251.2,130.8,3336.7,1196.7,759.65,694.35
5300,1246.7,164.75,130.35,1732,260.75,134.15,3323.7,1195.8,774.9,697.8
5289.7,1297.1,166.1,128.6,1718.3,262.9,129.9,3311.2,1210.7,787.15,686.15
5226.2,1254.8,162.15,126.5,1673.1,260.5,129.6,3325.8,1197,788.6,677.25
5207.5,1237.3,159.3,116.45,1653.2,258.25,128.8,3348.4,1162.1,791.4,675.45
5276.9,1259.7,162.4,115.25,1640.7,256.8,129.9,3295.7,1196,789.15,679.55
5226.9,1276.8,162.1,113.4,1641,250.9,128.65,3255.7,1158.3,799.65,669.35
5243.6,1236.7,159.6,114.25,1633.5,255.8,127.3,3235.9,1154.2,786.95,667.15
5234.4,1300.8,166.4,112.8,1647.2,263.4,132,3254.1,1144.1,783.8,681
5322.9,1312.8,169.2,114.55,1648.3,273.55,133.8,3275.1,1167.2,794.8,697.05
5322.9,1346.7,168.05,114.1,1632.8,264.2,131.4,3331.8,1173,801.35,704.75
5358.5,1363.7,170.85,113.9,1647.7,260.3,129.85,3356.8,1155,803.9,689.55
5317.9,1342.2,172.35,118.9,1653.5,256.95,129.15,3265.6,1145.9,794.5,699.3
5295.5,1356.3,171.25,115.8,1677.9,248.95,129.05,3237.8,1122.6,793.65,683.85
5178.9,1321.5,166.5,114.65,1654.7,252.35,123.25,3188.4,1117.2,772.4,667.75
5194.8,1326.5,166.85,115.35,1636.5,255.35,118.15,3101.4,1141,782.65,666.25
5243.1,1324.7,166.75,114.35,1660.2,258.05,121.1,3093.8,1126.2,790.1,664.8
5184.2,1328.5,167.85,118.95,1660.4,266.1,120.55,3061.2,1180.3,788.7,681.35
5278.2,1368.9,172.8,115.45,1711.2,260.95,123.3,3104.2,1176.8,802.3,679.95
5228.5,1344.9,168.4,117.05,1691.5,269.7,126.35,3074.4,1227.5,787.9,695.4
5365,1387.9,173.65,116.5,1732.3,262.3,131.35,3062.3,1188.2,816.5,685.35
5274.9,1358.9,168.7,114.25,1690.2,260.3,132.5,3020.4,1199.4,793,665.35
5257,1352.8,166.85,113.05,1711.4,273.55,131.7,3075.3,1214.3,790.15,664.25
5317.9,1340.3,168.05,114.5,1721.8,283.6,133.3,3210.4,1242.2,809,666.2
5380.5,1343.8,165.4,117.05,1737.1,293.5,132,3218.7,1273.5,840.3,681.25
5463.9,1353.6,167.45,118.5,1764.7,291.15,135.25,3207.4,1241.1,845.25,667.2
5429.5,1339,168.05,117.95,1781.3,284.95,130.85,3186.7,1223.2,820.85,663.05
5359.5,1323.8,162.1,115.1,1789,278.5,130,3158.2,1213.1,825.9,664.2
5333.5,1322,162.65,112.3,1749.5,270.9,135.4,3163.9,1165.7,812.55,659.55
5220.5,1304.2,159.9,113.9,1730.6,276,144.7,3089.9,1149,792.55,668.65
5220.5,1293.9,160.7,119.7,1711.2,285.2,143.25,3171.1,1150.3,802.1,666.35
5222.4,1301.8,161.9,121.7,1701.6,295.8,142.7,3228.8,1173.2,817.5,675.3
5280.4,1326.1,167.3,120.1,1736.8,296.6,145.75,3133.3,1167.8,821.65,661.9
5359.4,1334.2,167.85,111.75,1749.3,299.05,146.35,3148.9,1150.8,824.7,661.35
5339.8,1323.2,164.15,112.3,1777,308.2,145.65,3152.8,1178,823.4,662.7
5385.2,1304.9,160.05,112.95,1799,308.65,148.35,3169.9,1170,803.8,653.9
5375.5,1287.2,162.85,103.6,1770.5,289.15,148.4,3155.1,1113.4,809.5,658.4
5281.2,1267.8,159.65,109.35,1711,304,142.95,3078.8,1184.7,760.6,653.1
5429.3,1270.8,160.2,113.05,1767.2,311.95,142.4,3064.5,1219.3,795.35,657.15
5483.3,1298.9,161.95,113.1,1783,306.6,143.9,3061.1,1217.5,808.45,625.4
5505.4,1325.3,165.45,117.35,1800.8,317.95,143.85,3071.6,1287.8,816.15,613.5
5607.1,1370.6,171.8,119.45,1810.8,303.45,152.5,3039,1281.3,867.15,618.85
5564.3,1365.3,173.05,119.2,1800.7,284.85,149.7,3045.8,1222.7,863.5,621.55
5522,1347.5,170.25,115.7,1812.7,276.95,147.65,3063.1,1220.2,863.3,603.65
5532,1369.2,171.45,117.75,1746.2,264.95,146.7,3033.8,1129,852.55,598.05
5416,1338.8,170.6,109.45,1731.9,260.6,143.35,3021.9,1116.8,830.8,589
5390.2,1355.5,169.85,110.65,1744.2,260.1,143,3047.5,1117,820.75,598.4
5381.6,1344.6,172,117.3,1736.5,261.8,142.7,3099.6,1134.6,823.45,595.55
5412.4,1388.9,177.95,119.55,1700.9,261.3,138.3,3060.8,1127.2,805.3,576.55
5368.1,1382.6,177.25,116.3,1646.5,259.9,140.55,2984.8,1114.3,799.95,569.5
5335.1,1354.8,177.65,119.6,1635.8,271.35,139.35,2958.3,1107.2,783.85,572.75
5361.6,1327.9,179.9,120.35,1640.2,263.8,148.2,2985.8,1099.3,785.9,574.8
5325.9,1268.1,172.55,115.35,1610.5,258.8,149.9,2940.5,1072.2,762.9,575.5
5269.9,1246.8,169.7,117.25,1604.1,254.9,150.9,2966.4,1087.6,756.25,560.15
5235.7,1200.7,164.25,114.8,1609.2,250.55,144.35,2938.9,1074.2,754.55,571.45
5199.2,1189.9,160.7,107.2,1601,245.15,146,2987.2,1023.8,753.45,563.3
5087.3,1168.3,160.45,112.9,1545.7,273.65,139.1,2985.1,1075.8,740.45,576.55
5204.7,1190.7,161.65,110.15,1538.2,281.65,147.4,2917.8,1059.8,759.55,580.45
5158.3,1174.3,161,101.55,1586.8,280.6,143.35,2849.7,1032.3,789.9,554.4
5158.3,1175.5,159.7,99.75,1578.8,281.05,149.95,2798.1,996.7,799.85,546.5
5127.4,1164.2,157.95,100.1,1574.6,273.7,146.6,2818.7,1008,775.6,560.8
5046.2,1148.3,157.8,96.85,1557.8,265.5,155.6,2722.2,951.85,779.6,542.85
5048.6,1152.8,159.95,98,1467.1,272.9,148.8,2728.2,932.55,743.45,535.25
5018.4,1128.7,156.25,102.7,1454.7,280.7,141.8,2723.2,963.55,743.6,524.3
4955.8,1140.3,157.15,104.9,1452.4,276.6,139.9,2735.6,935.75,758.05,505.75
4967.3,1111.6,151.5,107.3,1423.7,266.8,135.55,2744.9,939.6,732.65,507.45
4873.9,1124.3,151.6,105.1,1429.5,262.4,131.7,2766.6,941,726.15,511.55
4866,1117,151.1,107.65,1473.2,264.75,132.45,2736.6,933.4,729.15,507.6
4831.2,1112,150.45,101,1453,264.9,137.35,2710.8,896.95,720.15,482.75
4861,1115.8,152.05,96.5,1429.5,258.55,136.15,2657.9,855.75,714.3,469.3
4849.5,1100,151.95,90.75,1426.5,250.65,131.75,2670.4,851.7,695.45,475.45
4742.8,1101.4,152.35,90.05,1448,250,127.85,2665,853.65,701.35,475.25
4754.1,1106.5,153.4,91.7,1459.2,254.8,127.1,2663.2,869.3,703.4,460.8
4750,1118.2,154,89.85,1464.8,254,126.5,2669.6,847.5,693.95,470.6
4749.6,1104.3,150.35,91,1426.3,247.95,122.6,2672.3,840.2,701.95,473.75
4765.3,1142.7,154.95,86.15,1496.7,236.45,120.3,2646.6,794.25,700.15,479.85
