355.05,80.6,111.35,2730.3,71.3,113.15,905.6,115.6,13.82,501.6
342.95,79.25,110.2,2719.8,69.9,111.6,892.8,113.3,13.69,492.7
333,80.6,107.7,2694.2,70.75,111.2,890.7,113.85,13.66,488.55
332.15,79.6,108.4,2701.5,70.15,109.85,885.85,116.1,13.78,486.1
322.9,78.45,105.35,2705.8,69.55,109.9,892.75,115.1,13.7,475.5
338.55,80.05,113.5,2718.4,70.5,113.3,903.2,119.95,13.97,485.3
342.4,80.05,115.3,2706.5,70.75,111.8,903.95,119.35,14,487.15
355.85,81,117.5,2721.6,71.35,113.75,906.6,120.55,14.04,488.1
360.35,81.1,112.9,2703.6,70.45,116.2,910,121.6,14.15,487.05
368.6,81.25,111.8,2699.4,72.2,113.75,909,124.4,14.3,488.1
374.2,81.75,111.75,2722.4,69.9,115.05,911.05,125.15,14.41,477.3
368.4,81.55,112.8,2726.1,70.7,114.85,909.6,126.25,14.39,478.95
368.85,81.15,112.7,2727.8,70.45,113.25,905.55,127.05,14.45,476.5
375.85,82.2,112.2,2730.1,70.25,115.75,912.9,129.45,14.71,485.4
371.6,82.05,113.3,2735.1,72.55,116.1,908.05,130.9,14.64,486.7
383.6,81.75,114.9,2746.9,71.5,117.55,921.6,135.2,14.78,503.6
376.15,81.15,113.3,2732.6,71.45,117.85,922.8,133.05,14.96,499.8
343.05,81.2,111.9,2723.3,67.7,117.4,921.2,131.7,14.54,491.9
349.05,80.65,116,2760.8,69.25,119.75,923.7,134.3,14.61,494.45
348.5,80.55,113.35,2771.6,69.15,117.95,925.45,135.65,14.62,475.25
350.85,79.3,109.75,2715.3,68.15,113.85,926.2,133.95,14.62,471.2
361.55,80.5,112.35,2688.2,68.8,115.35,930.95,136.3,14.82,476.1
360.25,81.5,115.05,2693.5,70.05,116.5,934.15,138.2,14.78,478.1
361.25,81,114.9,2686.4,69.85,116.5,939.4,136.2,14.82,470.25
354.4,81.45,112.9,2720.8,68.45,116.35,931,137.15,14.87,477
345.55,83.3,112.35,2669.2,70.55,116.1,922.75,140.3,14.58,465.05
332.15,81.95,113.15,2652.3,66.65,113.15,933.7,138,14.35,459.25
322.35,79.8,116.85,2646.8,69.05,111.65,922.45,137.55,14.21,459.55
315.5,78.6,111,2619.6,62.7,108.4,904.35,137.45,14.08,456.05
327.3,79.5,108.65,2677.3,60.45,108.7,887.4,136.5,13.97,448.9
346.05,83.05,116.4,2709.7,65.75,113.25,917.15,149.7,14.78,464.1
343.05,82.35,112.2,2687.3,65.3,112.7,926.6,147.65,14.52,466.45
362,82.6,108.6,2654.2,66.3,113.5,926.45,148.8,14.82,468.6
371.8,82.8,114.4,2650.1,66.8,112.55,913.9,154.55,15.33,473.95
354.55,86.15,116.7,2637.1,71.9,116.65,948.9,155.65,14.56,482.65
363.8,89.7,124.85,2616.4,67.85,122.75,963.85,159.35,15.03,506.05
335.55,90.3,118.55,2656.6,65.6,119.7,970.1,142.45,14.25,496.25
353.9,90.45,143.65,2719.1,80.5,123.55,979.5,140.6,14.62,512.15
359,92.45,143.75,2771.2,80.4,122.5,977.35,140.25,14.76,510.65
356.05,93.8,139.7,2774.8,77.7,120,983.85,131.6,14.32,510.9
372.75,90.9,143.2,2814.9,78.8,123.65,951.5,133.15,14.6,511.25
377.4,93,145.1,2812.7,82.35,125.85,956.35,136.75,14.74,530.45
392.5,95.4,149.65,2859.9,86.55,129.4,972.35,143.5,15.13,546.85
401.85,97,150.15,2944.2,87.15,129.05,972.25,144.4,15.42,541.9
391.9,96.3,150.45,2909.9,87.75,128.85,972.95,143.9,15.16,543.3
389.2,89.1,148.7,2909.9,87.15,126.3,938.8,141.95,14.61,538.6
407.6,88.2,152.05,2920.2,85.65,130.65,926.45,144,14.72,549.5
420.35,87.85,154.05,2935.5,85.7,131.2,944.05,146.35,14.65,565.5
426.05,88.95,155.1,2946.9,86.5,134.75,962.05,147,14.81,577.55
428.95,88.55,156.15,2960.2,84.7,137.3,953.45,147.55,14.81,579.75
420.45,89.15,153.8,2959.6,83.55,141.65,942.8,145.4,15.1,565.65
412.45,90.3,150.25,2976,82.95,146.65,936.25,140.85,14.8,566.85
417.5,88.15,151.7,2971.8,84.5,143.75,918.4,140.65,14.36,540.85
420.85,83.4,146.8,2959,81.4,141.85,912.6,136.65,14.37,535.25
405.45,82.35,150.15,2957.1,83.35,136.85,919.6,139,14.62,541.6
339.85,82.8,147.6,2925.1,81.9,129.35,935.85,137.95,14.72,532.2
341.6,81.35,153.95,2924.1,85.6,131.6,965.55,144.4,14.77,544.5
329.25,82.1,155.9,2914.9,86.85,131.25,968.45,143.25,14.46,539.8
307.5,80.85,155.3,2915.7,88.95,131.45,976.9,141.85,14.64,541.5
297.05,81.1,158.9,2875.5,94.15,132.1,981.05,144.3,14.92,552.25
299.75,81.1,158.9,2872.2,94.15,125.65,978.95,144.3,14.98,536.4
268.1,81.45,153.65,2813.2,93.35,125.1,983.3,145.85,15.16,535.8
252.45,81.45,152.7,2781.8,93.85,123.15,970.9,143.6,14.9,524.3
245.3,81.3,146.2,2804.6,92.2,121.15,975.55,140.65,14.5,509.35
266.95,78.15,140.2,2829.9,85.05,128.95,975.45,136.8,15.45,541.8
264.35,85.75,156.05,2815,93.75,125.85,978.5,146.45,15.6,534.45
264.15,82.8,153.5,2797.1,88.6,125.7,973.75,139.75,15.7,540.05
261.45,82.75,152.9,2801.2,88.45,127.65,978.65,140.05,15.9,547.4
254.95,83.65,155.85,2794.9,87.95,127.5,975.15,139.35,15.85,553.85
255.85,83.4,153.8,2812.4,87.3,125.9,969.2,141.05,15.85,543.35
255.4,83.8,148.3,2829.8,85.75,124.2,962.05,135.8,15.9,546.9
255.1,83.3,147.75,2840.1,87.25,124.15,968.1,137.65,16.15,553.8
257,84.1,151.65,2839.9,92.55,124.6,967.7,138.3,16.1,553.95
254.55,79.45,146.15,2977.1,86.7,123.8,962.6,137.85,15.95,549.4
251.3,80.8,144.5,2959.3,88.45,123.2,971.05,138.7,16.05,555.45
252.85,80.7,144.6,2980.8,84.75,120.55,978.15,141.85,17.25,530.35
265.3,80.35,145.05,2993.1,82.05,125.7,984.4,137.2,17.95,559.25
267.45,82.85,157.8,2999.8,88.3,127.4,989.65,144.9,17.5,565.35
266,81.35,156.6,3007.7,86.5,128.55,990.25,142.5,16.25,567.9
274.5,79.7,151.8,3001.4,81.8,128.25,975.7,139.25,16.3,559
264.3,80.9,150.55,2977.3,79.85,127.65,952.4,132.7,15.8,559.15
260.85,81.3,149.9,2993.6,80,127,950.7,126.15,15.7,550.75
236.6,79.6,148.6,3035,78.7,128.15,950.75,125.75,15.8,554.4
225.3,78.2,155.2,3011,82.15,129.7,950.95,127.4,15.9,557.5
231.5,78.55,162.2,2980.2,83.05,128.45,936.85,127.05,15.7,562.3
233,77.9,158.3,2984.1,80.5,127.9,947.7,123.05,16.15,563.8
217.85,77,159.9,3010.7,82.2,131,947.1,122.7,16.3,552.65
209,77.7,161.8,3047.3,85.1,133.25,948.5,125.75,16.45,555.15
204.35,77.7,164.15,3075.9,85.65,129.15,936.8,126.3,16.5,554.4
205.9,78,162.85,3073.2,83.7,127.85,948.75,126.65,16.45,531.45
204.65,78.15,164.55,3118.4,83.9,129.8,959.7,127.6,16.5,544.05
205,77.15,167.7,3144.7,83.1,123.7,968.2,128.15,16.7,517.35
203.65,77.45,167.3,3174.8,84.4,122.25,972.2,126.55,16.8,510.25
207.05,76.8,165.75,3048.6,84.25,121.85,954.3,124.95,16.45,501.05
196.95,75.65,165.05,3101.9,84.55,122.4,956,122.8,16.55,493.8
197.05,75.8,162.5,3108.6,84.8,121.05,960.95,122.8,16.6,496.75
197.1,76.35,161.9,3075.8,85.8,121.65,962.15,116.25,16.65,503.6
198.2,77.85,166.35,3104,85,124,971.3,119.75,16.75,463
201.65,78.2,166.75,3114.9,87.1,126.55,1016.4,124.1,16.9,468.55
203.4,79.6,165.7,3147.1,87.9,115.3,957.15,122.9,17.15,475.7
201.4,81.5,164.8,3109.9,84.55,112.1,940,123.45,16.3,455.8
201.4,80.05,162.3,3139.3,87.8,113.6,938.3,122.4,16.5,454.4
203.3,75.95,154.8,3189.5,84.9,116.15,969.25,121.55,16.95,458.25
209.55,76.6,158.3,3236,89.5,118.85,951.3,122.9,17.2,474.1
208.6,76.45,161.4,3314.6,92.65,119.85,933.05,122.25,17.45,474.35
211.25,82.75,162.1,3347.5,92,121.7,930.6,123.45,17.3,465.75
208.1,85.8,161.85,3377.6,94.3,117.75,944.6,129,17.15,458.05
207.1,78.65,160.35,3387.2,88.7,113.75,967.8,132.75,17.55,460.3
209.1,80.05,160.35,3404,88.95,116.25,961.15,129.45,17.9,466.95
207.55,82,163.5,3390.8,88.8,112.55,954.1,130.15,18,459.9
208.25,83.25,158.85,3383.2,86.35,113.8,960.25,120.25,18.1,457.3
209.55,84.35,154.7,3399.3,87.85,115.95,949.2,123.7,18.2,463.6
207.4,84,157.7,3416.4,86.25,115.25,941.1,129.4,17.9,451.9
211.55,80.4,152.1,3411.6,84.95,115.8,928.8,131.4,18.1,451.1
213.45,81.55,154.25,3464.7,86.4,117.05,927.15,132.5,18.15,453.55
211.95,82.25,157.15,3519.4,88.2,117.6,928.95,136,18.45,458.6
211.85,82.35,156.5,3505.2,91.2,115,924.3,132.8,18.25,446.5
211,79.95,157.05,3505.8,91.65,114.45,932.35,124.95,18.75,448.75
217.15,81.7,160.9,3516.4,95.7,113.9,943.5,126.3,18.55,441.45
207.3,74.55,157.9,3479.3,94,113.35,945.5,127.25,17.55,433.2
208.3,74.2,154.6,3511.8,91.2,115.55,945.2,117.6,17.3,437.5
207.7,75.75,155.1,3465.9,92.05,113.8,938.3,116.95,17.4,442.05
208.05,75.5,156.75,3501.5,95.05,112.75,925.1,113.9,17.3,442.75
208.2,74.4,158.6,3468.8,97.3,113.95,920.2,112.75,17.2,444.2
209.7,77.25,151.35,3474,96.9,105.8,918.7,105.25,17.45,431.1
210,77.5,150,3482.2,93.1,105.65,909.05,105.8,17.1,425.15
214.7,76.2,143.95,3489.1,88.9,104.4,897.35,104.45,17.25,423.65
196.65,74.3,133.5,3474.4,87.6,103.7,885.7,104.2,17,421.05
192.45,70.95,134.6,3464.4,88.95,99.05,882.65,104.2,16.75,418.25
195.6,70.85,133.2,3409,86.25,102.55,881.1,102.15,17.1,425.35
195.9,71.75,138.1,3451.3,92.35,107.65,883.5,99.25,17.15,426.25
196.6,72.05,140.1,3506.7,93.55,98.3,882.75,96.8,17.65,426.55
195.5,72.85,137.95,3486.9,94.95,100.4,865.65,97.15,17.45,426.35
195.05,72.55,138.6,3513.1,97.2,102.25,857.1,96.3,17.6,428.9
195.05,74.2,134.45,3473.9,98.45,99.75,866.25,94.5,17.8,428
198.7,72.9,131,3483.1,95.1,99.9,859.25,92.6,18.15,430.05
199,74.1,132.65,3471.5,95.6,100.2,861.9,90.4,17.9,427.8
195.45,72.85,132.65,3512.7,96.35,101.85,864.9,89.5,16.95,429.8
197.75,75.8,130.5,3482.7,93.85,90.85,871.9,82.95,17.3,428.65
198.65,75.7,134,3491.2,96.45,91.75,854.9,83.95,16.95,430.75
201.25,76.6,136,3503.7,100.05,89.95,864,82.1,16.3,432.1
198.25,76.15,136.75,3515.4,100.8,88.1,854.95,80.75,15.85,433.75
199.5,75.75,135.1,3522.1,101.8,87.7,854.9,77.7,15.5,430.1
198.7,76.05,132.45,3525.8,97.75,87.8,865.85,77,15.35,427.95
202.35,77.4,132.05,3515.1,97,87.45,862.5,76.15,15.5,430
202.95,76.8,133.75,3515.6,100.55,87.9,849.35,77.45,15.1,428.25
199.5,75.05,132.7,3547.2,101.05,87.75,858.7,76.75,15.95,431.4
203,74.4,129.85,3575.6,102.1,88.4,852.5,79.1,16.25,424.3
201.6,75.4,126.35,3498.9,101.55,87.8,841.15,77.2,16.2,433.3
200.65,75.4,129,3502.2,103.35,86.85,835.5,76.65,15.35,438.55
199.3,74.35,127.9,3425.3,98.8,86.95,834.9,74.65,15.05,434.1
197.75,74.55,122.75,3393.2,94.55,85.85,835.3,74,14.75,418
202.3,75.35,120.3,3359.7,90.05,87.1,811.4,71.95,14.85,415
205.3,76.65,121.5,3381.5,90.5,87.5,810,72.15,15.09,414.5
207.4,78.4,122.85,3344.7,91.3,88.15,820.6,73.35,15.14,410.65
206.3,77.95,124.25,3395.9,93.75,89.25,828.25,74.05,15.59,415.85
207.9,78.6,127.5,3428.7,93.1,89,828.7,76.2,15.2,416.65
206.2,78.8,124.15,3431.5,88.7,92,825.8,73.8,14.91,420.75
207.8,77.6,124.35,3407.1,84.9,91.3,836.25,74.9,14.62,414.7
211.3,79.1,121.8,3461.5,79.75,91.05,837.05,77.55,14.73,410.35
208.8,92.05,127.65,3504.8,83.45,90.25,836.35,79.5,14.57,405.8
210.6,93.5,126.05,3529.2,82.25,90.65,845.55,79.5,14.83,407.15
211.2,90.85,127.7,3577.6,82.7,91.4,848,82.6,14.64,406.25
209.9,86.5,128.15,3583.2,79.95,89.9,850.3,82.7,14.23,399.75
211.5,86.2,125.55,3597.3,76.4,89.8,845.65,80.85,14.63,400.25
212.7,86.7,124.55,3623.2,71.5,89.75,843.95,81.6,14.65,398.05
214.1,86.9,120.45,3626.7,67.65,91.1,852.25,81.25,15.02,407.9
218.5,88.65,127.4,3669.5,69.75,90.85,849.55,82.85,15.5,407.6
223.5,87.9,128.6,3737.2,67.65,91,841.45,84.25,14.99,406.05
220,88.95,129.4,3754,67.55,91.9,847.25,87.1,14.24,407.55
218.6,89.45,125.7,3756.8,63.45,94.45,855.2,88.2,14.36,417.95
207,90.7,123.15,3737,56.85,92.7,843.6,90.1,14.51,424.2
201.5,91.1,124.1,3651.2,56.75,91.65,842.65,90.15,14.62,424.65
203,92.15,120.2,3654.3,56.1,91.8,850.05,89.15,14.83,412.5
204.5,88.55,122.4,3678.2,57.35,90.9,850.45,90.05,15.1,414.35
206.7,86.7,123.05,3678.2,56.65,92.3,851.5,88.55,15.61,416.05
209.2,89.1,124.3,3707.2,57.55,91.2,845.15,84.25,15.28,396.1
209.1,87.1,124.95,3722.8,57.05,90.6,835,82.5,14.58,402.2
198.5,86,121.9,3675.6,55,90.15,821.2,84.55,14.49,375.45
194.5,83.9,119.5,3667.9,54,90.7,815.05,83.45,14.37,368.55
195.1,83.4,120.55,3679.8,54.6,90.7,819.4,83.05,14.12,366.5
191.4,82.95,118.45,3665.9,54.15,91.55,821.9,81.55,14.24,361.45
194,81.9,113.5,3721.2,53.1,93.3,829.2,80.9,14.06,364.15
189.2,82.65,114.55,3698.5,53.9,91.75,832.45,81.3,13.78,361.55
189.1,83.05,113.3,3751.8,53.25,94.6,838.8,82.85,14.27,368.95
190.4,83.65,118.65,3812.7,56.9,91.85,834.5,86.85,14.15,369.1
188.6,84.3,120.85,3800.7,57.8,89.8,827.65,87.8,14.15,373.25
184.9,82.6,114.6,3736.9,56.1,88.9,820.65,84.7,13.91,373.9
180.9,84.15,115.05,3660.4,55.35,87.55,828.1,85.55,12.87,368.4
184.9,82.4,106.75,3688.2,53.45,88.35,824.3,81.95,13,365.3
198.6,81.3,106.55,3683.8,53.35,90.5,840.55,82.25,13.44,364.7
200.5,83.45,115.3,3514.3,55.75,91.6,851.25,84.75,13.44,361.65
203,85.6,114.8,3438.1,56.2,90.15,848.85,85.9,13.02,362.3
182.9,83.55,109.2,3397.6,53.85,89.65,850.6,86.5,13.02,361.75
184.4,83.3,107.3,3350.4,52.95,88.7,835.75,84.35,13.38,360.7
185.9,83.85,105.05,3318.8,51.8,89.35,835.45,82.8,13.55,355.4
187.5,85.95,106.6,3265.6,52.85,89.8,840.75,82.85,13.82,350.85
184.7,85.7,105.7,3256.7,53.55,91.05,844.45,83.4,14.21,346.5
184.6,83.5,105.5,3239.8,52,90.55,812.6,82.35,14.1,344.75
185.8,83.25,106.4,3218.2,52.05,87.8,807.85,81.9,14.25,343.65
189.4,87.2,106,3238.2,52.25,88.35,823.7,81.75,14.53,343.6
183.1,81,107.45,3199.6,54.45,88.3,826.3,82.75,14.48,345.75
187.6,79.95,107.05,3243.9,53.75,88,846.5,81.55,15,349.85
175.1,80.8,107.9,3188,51.8,87.55,835.8,83,15.01,345.15
173,80.35,106.1,3236.8,51.25,86.95,835.3,79.1,13.79,332.65
167.7,78.55,107.45,3184.5,51.55,85.45,823.5,78.55,13.51,325.4
161.6,72.15,97.9,3156,48.6,83.55,821.95,73.65,13.5,316.7
164.2,68.3,89.05,3149.9,45.65,83.6,834.05,71.3,13.3,317.1
164.6,67.75,87.25,3155.2,46.4,84.65,823.6,72.5,13.2,316.05
169.3,67.8,83.5,3205.2,44.9,85.05,816.9,71.8,13.25,323.65
173.2,67.35,84.9,3216.7,47.45,85.7,822.9,72.2,13.2,327.7
171.5,69.55,85,3219.1,47.8,86.9,832.1,72.7,13.35,334.2
167.3,69,89.05,3204.6,49.8,87.35,832.15,75.65,13.15,330.25
169,69.8,88.2,3200.5,48.75,83.6,844.15,76.15,13.3,337.3
162.2,69.8,86.7,3194.9,47.85,83.7,835.65,72.45,13.35,332.2
167.1,69.8,88.5,3160.8,47.3,85.5,839.65,72.6,13.75,329.7
171.6,68.1,85.9,3222.4,45.9,87.5,848.15,72.5,14.25,340.65
168.3,72.75,89.55,3203.7,48.35,85.6,837.05,76.8,13.6,334.75
177.2,68.75,80.7,3212.7,45.75,85,828.1,74,12.9,334.4
184.8,68.75,81.3,3238.9,44.85,87.65,842.65,76.75,13.7,349.9
187.1,73.05,90.45,3228.3,49.7,92,848.05,79.95,15.15,367.15
189.9,75.9,95.55,3291.1,51.85,92.65,851.85,87.85,15.75,372.75
190.1,76.7,96.55,3290.8,52.4,93,852.3,94.35,15.75,365.55
185.8,76.05,95.85,3214.2,52,91.55,832.6,94.65,14.4,359.45
189.6,74.7,94.55,3210.9,50.35,93,840.75,90.95,14.9,356.05
193.6,76.4,93.5,3266.6,51.3,93.8,855.1,89.45,17,357.35
198.2,79.95,93.35,3282.3,52.3,97.3,861.15,89.5,18.6,362.7
192.5,80.6,96.75,3224.1,55.1,97.45,856.4,90.1,20.3,352.9
191.7,84.45,96.4,3218.4,55.35,97.15,851.3,91.15,18.85,344.4
189.6,87.7,94.6,3217.2,54.35,96.75,854.95,91.4,18.2,351.65
189.3,86.05,95.65,3173.3,53.8,96.55,867.35,93.95,18.45,348.25
190.6,85.35,93.55,3129.2,54.35,92.7,882.85,91.85,18.85,346.5
185,85.2,94.55,3062.4,53.5,91.2,908.2,92.55,18.55,341.35
187.5,84.25,91.6,3142.5,51.35,90.1,915.55,88.95,18.85,353.35
196.8,82.9,92.25,3184.1,49.55,91.95,914.05,87.6,19.55,360.5
193.4,84.8,96.05,3167.5,51.55,90.45,912.4,92.95,18.85,359.35
201.4,79.55,96.15,3182.2,50.2,95.25,917.25,91.35,19.8,374.05
204.8,87.75,99.65,3241.4,51.45,98.8,941.55,92.1,20.2,377.55
208.3,91.1,105.8,3276.8,54.6,99.5,930.2,97.85,20.75,383.5
213,90.7,110.1,3239.8,56.45,105.1,907.75,98.15,20.75,390.05
218,96.7,109.6,3237.4,57.65,108.45,907,99.7,21.2,394.05
221.3,95.2,112,3283.4,59.45,109,926.8,102.95,21.65,399.75
220.2,96.35,112.05,3231.5,59.75,97.55,914.8,105.15,21.05,393.65
227.4,95.45,106.95,3262.3,59.1,101.35,948.6,105.05,22.15,414.15
233,99.45,114.6,3266.3,65.2,103.15,972.9,109.95,22.95,403.2
214.5,97.1,118.45,3253.1,65.95,95.6,974.05,110.9,22.75,406.95
218.2,97.85,118.2,3295.5,64.2,98,976.55,113,21.85,408.8
217.9,100.45,121.45,3321.1,65.65,97.4,970.35,117.65,20.85,401.35
216,99,116,3312.8,63.9,97.15,972.9,115.65,20.75,407.85
222.3,97.5,113.95,3294.8,61.85,96.4,972.5,117.75,20.85,410.25
224.8,97.95,113.8,3284.4,61.95,93.6,980.85,120.15,21,404.95
227.4,98.35,115,3295.6,62.35,90.4,985.65,120.45,20.9,406.9
222.8,97.4,114.3,3286,62.4,89.45,985,120.2,20.8,402.25
223.2,97.9,116.1,3261.7,62.25,88.3,989.15,121.3,21,391.9
221.2,98.65,113.4,3274,61.7,88.55,998.2,120.7,21.3,394.65
220.5,98.6,116.1,3276.8,62.55,88.95,992.4,122.65,21.2,391.45
225.8,98.55,114.6,3281.8,60.7,89.35,995.5,122.05,21.15,395.35
231.9,98.7,115.3,3283.5,61.1,87.9,994.75,122.7,20.55,396.05
205.3,98.4,112.95,3318.8,60.1,88,1001,121.25,20.7,394.9
203.6,97.7,108.4,3294.4,59.25,87.25,984.95,121.95,21,393.2
204.8,95.75,107.1,3233.2,56.45,88,975.4,124.7,20.85,388.95
205.4,95.55,108.2,3239.5,56,87.45,975.85,123,21.2,393.5
202.7,96.35,111.6,3254.8,58.05,87.05,964.2,129.5,20.8,395.5
207.8,95.9,110.55,3265.4,57.9,88.85,981.75,130.45,21.4,409.65
213,99.2,110.45,3266.4,55.8,88.4,992.25,132.15,21.95,416.15
213.5,102.3,116.6,3272.1,60.35,88.7,974.2,134,22.3,419
216.1,101.5,117.2,3258.3,60.5,89.05,972.55,134.55,22.25,425.65
213.8,100.7,118.65,3298.8,62.05,89.75,980.25,136.85,22.3,436.6
215.9,100.1,117,3275.4,62.3,90.4,973.1,139.6,22.7,426.55
208.7,98.3,117.8,3288.2,62.85,89.7,970.65,144,21.65,420.25
204.1,98.9,115.2,3276.6,63.95,89.7,964.5,144.65,21.7,425.55
205.3,97.8,114.1,3274.4,62.55,89.85,965.45,144.3,21.95,432.2
202,100,113.45,3243.7,62.9,89.7,944.9,139.7,22.25,428.15
202,99.5,107,3218.2,61.2,91.05,959.05,138.15,22,430.3
204,100.3,103.15,3193.2,60.3,92,962.1,139.2,22.15,430.65
203.4,100.1,102.4,3144.7,60.8,92.1,955.3,139.45,21.75,429.2
204.5,100.3,103.65,3113.6,60.15,91.95,944,139.15,21.55,419
209.4,99.7,106.5,3114.4,59.3,91.6,945.4,136.3,21.85,420.35
212.3,102.6,111.65,3118.8,60,90.2,948.5,141,22.25,418.25
204.6,100.5,110,3152.4,60.35,91.95,948.4,140.3,22.3,418.95
212.4,100.9,110.25,3162.5,60,90.9,961.45,136.85,22.25,416.95
207.5,105.1,112,3139.3,60.8,87.75,956.1,134.35,21.4,413.9
209.7,106.9,108.8,3218.3,58.7,86.9,959.45,133.75,21.65,419.55
206,109.3,113.8,3191.8,60.35,86.95,938.75,135.25,21.55,409
206.5,110.2,118.45,3190.6,59.35,86.85,939.35,132.8,21.65,416.1
210.2,112,116.2,3222.2,60,87.75,941.1,129.6,22.6,418.85
211.2,108.2,122.15,3230.8,62.2,88.6,949.2,131.25,23.05,416.05
212.4,107.9,120.15,3225.3,62,88.3,939.05,130.25,24.25,409.05
213.3,107.8,118.65,3294.8,62.55,88.35,956.35,129.5,24.6,408.3
219.7,107.3,116.6,3279.2,62.4,89.15,974.05,128.4,24.05,414.1
222.2,109.3,120.5,3271.8,64.25,88.6,978,129,23.35,417
226,108.5,124,3270.6,64.3,88.9,946.9,130.5,23.5,419.6
226,107.4,127.15,3278.2,65.25,89.35,935.4,134.4,23.85,419.75
239.9,109.2,129.05,3311.7,63.35,90.5,941.15,134.05,23.1,415.7
225.2,113.8,129.85,3295.8,65.1,92.7,944.2,135.55,23.95,412
224.9,114.6,128.9,3299.2,67.75,93.1,939.15,135.6,24.5,417.25
221.7,115.9,131.7,3307.2,71,93.35,938.65,138.1,23.9,414.9
210.6,117.1,132.3,3315.9,72.3,93.05,905.35,137.1,24,416.5
213.5,112.2,128.1,3301.2,68.1,93.5,907.6,138.3,24.8,411.15
213.9,111.1,134.55,3305.2,67.7,95.25,910.35,137.4,23.75,408.95
211.8,113.2,133.75,3307.8,67.2,94.45,918.9,135.65,23.55,413.45
206.9,112.8,136.95,3318,67.3,92.2,918.9,136.75,23.7,406.4
208.2,110.1,136.05,3312.2,66.3,92.85,932.25,137.75,23.95,406.45
207.5,111.6,139.8,3355.9,67.15,92.45,928.8,138.1,22.15,399.8
211.6,113.4,138.65,3379.2,67.95,93.2,943.9,139.1,22.5,405.6
212.5,114.5,138.5,3366.3,70.45,92.5,958.95,139,22.2,407
214.7,109.1,135.5,3346.5,69.95,92.25,962.85,136.85,21.7,399.2
207.6,108,134.55,3339.6,65.4,92.2,963.95,136.25,21.3,381.85
210.5,107.1,133.85,3339.4,62.8,92.1,960.55,132.55,20.85,380.95
213.9,104.5,137.05,3312.4,63.8,91.25,942.65,133.45,20.25,370.05
220,102.6,134.65,3311.6,64.25,90.85,948.65,135.3,20.25,373.3
227.5,103.2,129.25,3367.7,61.6,91,952.1,134.9,20.4,379.45
223.6,103.4,126.35,3344.4,60.95,91.2,938.45,135.7,20.35,376.25
229.7,103.8,127.25,3353.3,61.1,93.15,1924.4,135.55,20.8,382.15
206.9,104.1,124.5,3347.3,60.75,91.8,1964.8,134.55,21.7,394.2
188.6,106.5,127.7,3337.1,64.2,91,1946.2,140,21.4,395.45
165.3,101.9,126.1,3307.4,64.2,90.65,1981.3,138.75,21.2,382.65
164.9,101.3,123.6,3325,62,90.1,1945.7,136.35,21.3,383.35
166.4,101.4,123,3325,63.6,90.85,1928.2,135.3,22.35,383.45
166.1,103.8,126.05,3345,66.05,90.85,1856.4,137.15,22,386.9
163.5,100.5,124.4,3344.1,62.85,90.9,1814.7,134.3,21.65,387.95
167.1,99.9,123.6,3316.1,63.95,92.6,1836.5,134,21.8,391.65
160.7,100.4,122.4,3313.4,64.4,89.35,1810.3,135.3,20.15,383.9
161.6,97.7,120.45,3336.7,64,89,1848.9,132.85,19.85,379.2
166.6,97,112.65,3364.2,60.65,89.3,1886.8,128,20.85,382.85
175.1,99.7,116.6,3373.4,60.75,90.75,1914.6,130.4,22,394.35
176.1,103.5,120.65,3368.8,64.5,89.15,1930.3,130.95,21.45,388.8
176.6,101.4,109.6,3377.2,60.45,88.8,1923.9,129.65,21.45,396.65
182.6,103.1,106,3383.6,57.8,89.85,1954.2,134.8,22.05,400.1
184.9,108.1,110.8,3375.3,61.85,89.55,1945.5,144.85,22.15,407.65
180,108.1,115.05,3358.9,62.55,89.3,1944.3,143.2,22.3,403.1
176.2,109.5,114.45,3373.1,65.85,89.05,1918.7,146.05,21.65,398.45
175,97.5,110.65,3354.7,60,88.9,1907.5,142.4,21.9,415.25
178.3,97.3,112.5,3410.3,56.2,88.75,1937,144.55,21.25,394.65
197.4,97.9,96.3,3576.6,46.75,95.05,1998.8,142.4,24.45,445.7
200,111,114.05,3596.8,56.6,97.55,1996.5,159.6,25,447.7
201.8,110.5,120.15,3623.2,55.65,100.1,1997,158.85,24.85,461.95
201,114.9,126.7,3648.6,61.35,102.05,1988,168.05,23.85,468.85
201.3,114.6,128,3644.7,64.55,95.55,1982.5,170.5,23.7,464.75
205.9,111,129.25,3694.6,63.4,94.4,1985.8,173.05,24.55,469.3
205.5,112.3,134.9,3604.7,65.25,94.3,1994,166.25,24.25,457.4
212.5,107.1,114.05,3603.5,61.85,95.15,1989.5,152.85,23.9,457.1
217,108.5,117.2,3612,64.85,96.75,2011,152.85,23.6,467.3
222.2,112.8,124.3,3600.9,68.4,96.9,2033.8,156.2,24.55,469.45
225.6,117.7,128.15,3662.6,67.95,96.6,2043.3,159.15,25.1,472.95
225.6,122,125.7,3715.8,66.1,93.15,2030.2,159.9,25.95,482.7
226,118.3,122.5,3746.1,67.85,93.6,1980.3,161.9,26.95,483.7
222.5,119.3,122,3682.2,67.55,93.9,1986.3,159.05,24.4,491.3
222.2,115.7,115.15,3582.3,64.55,87.9,1985.5,159,24.45,484.15
219.2,114.4,115.95,3507.8,61.8,87.75,1999,155.1,21.9,489.05
219.1,113.6,114.8,3524.7,62.95,86.5,2067.8,150.9,21.9,506.2
216.3,115.2,109.35,3435.4,62.4,86.7,2074.6,149.9,21.25,500.05
217.3,117.8,101.45,3390.2,60.15,87.1,2049.6,137.55,20.7,487.6
222.4,114.1,95.75,3383.2,59.25,87.25,2055.9,142,21.4,499.8
225.3,113.6,101.25,3389.7,58.5,88.65,2058.2,135.3,21.9,501.55
234.3,114.7,103.05,3400.3,57.9,88.55,2069.7,139.2,21.75,511.9
213.8,115.45,107.85,3431.3,55.05,88.1,2073.7,139.75,22.05,518.6
215.7,112.25,106.55,3378.9,55.7,88.05,2051.8,139.15,21.95,495.15
218.6,109.15,106.85,3392.7,51.5,92.15,2036.8,138.3,23.35,502
218.8,116.35,108.65,3413.8,52.85,91.65,2031.3,141.45,23.15,485.2
220.7,110.25,114.2,3414.6,54.05,91.85,2041.8,144.8,23.05,487.4
214.6,96.4,116.1,3430.2,54.75,90.05,2013.8,144.1,22.5,459.65
212.6,94.6,116.7,3420.8,55.9,90.65,2003.8,143.65,22.65,447.5
207.2,94.9,114.55,3403,55.35,89.45,2012,144.7,23.2,444.2
203.3,98.7,115.3,3400.8,56.85,88.15,1991.3,145.3,23.2,441.8
204.8,95.25,114.6,3408.6,55.25,89.3,2019.2,145,23.05,441.45
203.9,94.8,116.9,3452.1,56.2,89.2,2043.8,144.05,21.75,437
212.9,94.55,116.6,3397.1,57.55,90.9,2061.2,142.7,22.2,449.15
209.9,97.25,118.9,3351.3,57.5,89.2,2043,145.35,22.4,440.95
210.8,96.7,117.55,3341.8,56.7,87.7,2049.2,143.95,22.25,433.5
204.9,94.8,116.05,3341.9,56,88.1,2040,142.25,22.65,434.25
204.3,96.25,116.75,3306.9,56.45,88.05,2048.4,141.55,23.1,436.75
200,97.5,117.2,3325.4,56.75,87.75,2034.4,140.75,22.2,420.9
197.9,96.2,116.95,3281.5,57.15,86.05,1996,139.15,21.4,410.9
202.9,91.6,116.75,3281.8,54.9,88.15,2007.2,137,21.95,414.35
206.5,88.25,120.05,3251.6,57.6,88.3,1991,136.1,22.65,412.8
206.1,85.6,118.05,3263.1,54.55,88.3,2002.7,138.25,22.55,413.1
209.3,85.6,114.4,3277.4,54.2,89.6,1954.5,138.5,23.55,419.7
212.1,83.9,117.5,3283.9,53.7,88.9,1965.5,142.95,24.15,417.6
203.7,81.5,114.65,3296.3,54.75,89.95,1959.2,137.8,22.9,417.7
202.1,82.55,106.55,3308.7,42.05,86.2,1961.1,133.65,22.5,410.2
201.3,83.1,106.95,3318.6,41.95,85.9,1956.9,131.95,21.75,407.4
198.8,81.85,108.55,3272.2,42.95,84.9,1933.4,132.35,21.8,410.25
197.4,79.05,107.9,3249.3,42.8,85.45,1908.5,132.8,22.05,409.95
198.5,79.8,108.05,3231.7,44.05,85.1,1899,130.35,21.8,410.55
200.4,78.55,107.6,3201.1,44.15,85.35,1876.8,132.15,21.25,409.3
201.6,77.55,107.9,3213.4,44.95,86.3,1897.7,132.6,20.6,416.65
198.6,80.15,112,3196.1,47.15,85.75,1902.9,137.75,20.4,420.55
197.6,78.6,110.6,3178.1,46.8,85.65,1870.2,136.25,20.5,411.45
200.9,79.5,109.75,3193.1,48.4,86.3,1898.7,138.3,21.4,424.55
199.1,79.05,107.3,3181.1,49.65,86.55,1919.3,143.2,21.4,421.65
200.4,78.45,111.15,3211.2,50.25,85.85,1911.3,145,20.8,417.1
210.1,83.9,110.3,3287.8,50.65,87.8,1951,150.8,22.95,419.3
215.4,85.3,113.1,3242.9,55.1,89.6,1984.2,151.55,23.85,429.3
217.7,88.45,118.2,3226.1,58.95,89.15,2000.5,153.9,25.2,432.45
215.5,85.95,117.85,3185.7,58.55,89.4,1989.5,153.4,25.35,435.5
218,86.3,119.15,3160.3,57.95,89.15,1958.7,155.6,25,428.1
214,87.55,119.3,3186.1,58.65,89.9,1997.5,152.85,25.1,445.2
215.5,88.1,117.1,3191.8,57.45,90.55,1988.8,150.35,24.8,439.75
217.3,87.55,121.7,3195.8,58.8,90.65,2001.5,151.05,25.05,434.8
217.8,89.2,123.2,3203.9,59.4,92.35,2016.7,149.9,25.3,437.8
220.4,89.9,124.25,3203.4,58.1,92.95,2019.6,148.75,25.7,442.3
219.5,91.95,123.35,3260.8,58.15,94.2,2074.4,150.4,26.15,445.75
218.3,92.4,124.2,3276.1,56.95,96,2075.7,149.95,26.15,444.55
216.6,92.4,122.7,3236.7,57.4,90.15,2072.7,148.65,25.55,443.9
218.8,92.9,124.85,3220.6,56.4,89.95,2038.9,147.4,24.1,442.25
218.1,91.95,126.95,3187.2,57.7,88.65,2038,150.25,23.95,444.5
214,89.6,125,3184.3,57.2,86.95,2040.8,145.25,23.3,436.1
219.6,87.45,125.45,3183.1,55.2,87.7,2067.4,143.15,24.4,445.85
215.9,92,130.25,3181.1,58.2,87.4,2050.3,148.85,24.05,434.7
211.7,88.5,133,3159.3,57.1,86.75,2003.8,145.65,23.05,419.95
217.6,86.95,128.9,3185.4,54.95,87.6,2015.6,156.15,23.05,427.85
224.2,88.75,131.9,3228.7,55.25,89.15,2063.3,159.95,24.05,440.55
222.7,93.7,139.3,3175.2,59.8,89.1,2032.4,165.95,24.7,440.75
214,92.45,138.3,3109.2,60.15,87.85,1990.1,166.6,23.9,427.05
218.1,92.75,136.3,3124.3,59.5,88,2011.9,159.65,24,431
215.1,90.4,133.65,3033.9,55.8,87.65,2016.6,159.95,24,426.85
214.3,90.35,128.05,2994.3,54.05,86.75,1991.2,161.2,22.9,411.95
219.5,86.1,124.15,3077.9,53.3,87.9,2031.4,159.6,24.55,423.7
225,92.3,131.25,3190.8,57.9,89.7,2011,157.8,25.65,432.75
221.9,101,136.45,3198.4,61.35,89.4,1958,160,25.8,433.8
220.2,98.4,137.1,3194.7,62,89.95,1984.5,161.55,26,429.65
227,98.65,139.25,3197.1,61.05,90.6,2012.7,160.95,26.35,430.1
236.7,99.5,146.3,3255.1,61.85,92.75,2077.2,160.3,27.65,442.95
234.4,101.55,147.25,3315.2,65.35,93.25,2124.2,163.25,27.85,447.65
240.1,99,150.15,3331.6,66.5,93.2,2151.5,161.9,28.3,442.25
248.9,100.45,153.7,3341.6,69.7,96.3,2149.3,166.85,28.15,452.25
252.9,97.6,157.05,3314.2,72.05,95.6,2144.9,165.65,28.3,450.55
233.3,101.9,158.6,3331.9,71.65,93.15,2173.3,163.45,29.15,448.2
218.2,96.7,159.35,3357.4,70.85,92.5,2095.2,161.85,28.45,448.95
221.4,83.95,162.05,3352.3,71.85,92.05,2100.6,152.65,29.4,456.7
212.8,86.3,162.3,3352.1,70.45,92.1,2049,150.3,27.6,436.85
208.8,74.2,167.3,3349.2,72.45,92.95,2001.9,148.8,26.4,441.15
205.5,72.9,159.6,3402.7,67.55,91.1,2013.5,151.7,27.4,442
206.5,73.6,158.25,3292.4,65.45,90.7,2024.8,144.4,27.65,439.9
198,70.75,159.5,3263.7,67.15,89.95,2001.7,148.55,26.7,425.8
199,72.45,154.85,3255.5,66.15,89.55,1991.5,147.05,26.4,420.95
202.4,70.75,159.1,3274.2,64.25,90,2037.8,148.85,26.6,417.9
205.4,70.7,164.55,3260.4,64.65,92.45,2057.4,155.5,27,418.85
210,69,160.05,3278.5,65.55,90.1,1979.8,161.6,27.3,418.5
213.8,71,159.5,3238.8,64.9,91.4,2003.8,163.15,27,424.25
222.4,71.65,160.05,3256.7,65.55,93.1,2032.8,162.95,28.65,433.2
223.2,74.45,164.1,3277.5,70.1,93.8,2019.2,161.95,29.5,436.5
223.3,75.2,164.55,3253.2,73.3,94.6,2060.3,168.65,26.6,430.6
223,77.15,164.65,3274.9,73.25,94.8,2036.7,167.65,26,428.4
222.7,73.3,164.25,3302.8,74.6,95.35,2067.8,167.4,26.25,438.25
227.8,71.8,157.5,3290.1,73.85,97.8,2120.8,166.15,27.05,448.9
223.2,74,148.95,3344,77.35,96,2106.3,166.2,25.45,450.05
229.2,73.1,144.5,3325.9,74.55,96.95,2086.8,163.3,26.6,449.45
230.6,68.5,144.6,3321.1,73.35,98,2103.7,163.5,27,452.85
237.1,67.65,150.85,3272.2,73.85,98.8,2068.8,161.35,26.45,466.05
239.6,65.6,153.6,3146.7,76.15,96.45,1975.8,163.75,25.25,464.55
242.7,65.55,154.15,3098.5,76.35,101.4,2007.7,164.6,26.95,478.25
240.2,66.65,151.2,3078.3,76.75,94.15,1972,169.3,27.5,464.5
242.5,67.3,154.55,3111.6,78.5,93.6,1943.1,165.9,27.2,453.6
244.3,66.25,155.4,3094.8,80.1,94.5,1919.3,165.55,27.85,458.35
243.6,67.1,155.75,3096.1,82.9,91,1929.8,166.15,25.75,444.2
239.5,64.9,150.3,3095.8,78.7,92.85,1945.7,159.75,26.05,452.45
240,66.05,147.65,3107.1,80,93.4,1973.7,160.1,26.2,463.3
244.5,65.95,146.7,3133.7,81.05,95.35,1970,161.8,25.25,459.5
243.7,66.35,146.35,3175,81.5,94.8,1922,163.65,25.6,465.85
248.6,66.5,151.3,3217.4,84.25,92.45,1905.3,167.15,25.05,461.35
250.3,67.05,150.2,3231.8,82.25,91.9,1921.3,165.4,26.8,462.9
245.1,67.15,149.65,3243.2,81.05,92.6,1914.5,168.3,22.95,458.25
262.35,66.7,155.65,3268,78.9,94.05,1908.2,166.85,19.15,464.9
230.35,66.6,155.15,3254,77.7,96.45,1862.2,167.7,19.15,471.3
219.45,67.85,158.9,3265.6,76.85,88.35,1850.8,166.35,17.8,470.55
216.95,66.15,158.7,3324.9,73.25,86.65,1831.1,169.25,17.55,456.75
216.75,65.15,157.95,3276.6,71.4,87.2,1835.5,166.7,17.55,451.5
220.45,64.9,157.3,3298.1,77.15,90.15,1873.5,166.8,16.65,448.85
221.8,66.8,163.85,3301.6,80.15,92.4,1854.2,170.5,17.05,462.55
222.35,67.25,169.35,3345.1,76.95,94.6,1821.8,172,17.5,468.1
229.4,67.6,173.15,3338.3,81,96.65,1846.5,177.15,17.15,459.85
233,67.6,169.85,3374.6,81.5,98.45,1839.3,176.75,16.65,463.7
237,68.25,172.5,3396.3,84.4,98.05,1879.8,192,16.21,456.7
238.8,69.2,169.8,3437.2,83.5,98.75,1894.2,189.9,16.51,449.65
238.45,69.15,166.15,3384.3,78.65,98.95,1920.8,199.2,16.15,441.1
238.6,66.7,162.95,3447.9,75.55,101.65,1926.8,206.7,15.22,440.05
240.2,67.7,158.1,3347.4,76.6,102.25,1911.2,204.8,14.86,440.7
242.9,66.7,156.25,3146.3,75.85,1004.4,1921.8,207.2,15.91,441.3
242.95,68.55,148.55,3155.5,71.85,1012.9,1898.2,212.65,17.19,438.9
253.85,67.8,143.8,3165.2,68.85,1009.3,1926.8,215.65,17.64,444.5
255.5,69.05,145.65,3177,70.5,998.55,1944,209.25,17.48,444.8
238.85,70.6,145.25,3202.5,71.85,993.5,1960.6,207.7,16.11,442.8
236.25,67.25,146.1,3165.8,72.25,992.5,1944.3,205,14.99,444.7
232.15,68.7,147.2,3193.8,70.75,988.1,1935,209.9,14.97,443.05
234.65,69.3,133.35,3181.1,64,949.9,1935.5,203.1,15.21,446.85
234.85,66.95,133.25,3189.7,65.95,947.65,1927.1,207.3,15.69,439.55
235.05,66.95,136.7,3188.8,68.8,948.3,1920.5,209.2,14.77,441.7
236.25,61.15,137.85,3205.8,68.7,939.45,1924.4,206.6,15.2,440.75
234.3,61.6,142.5,3180.4,70.6,926.55,1871,206.7,15.46,430.45
235.15,59.5,134.45,3151.6,68.25,933.4,1844.5,203.95,14.13,422.6
243.05,60.05,133.5,3140.1,67.35,949.8,1833.6,207.85,14.83,436.3
243.1,61.95,135.85,3130,72.55,954.1,1844.1,218.05,14.85,437.35
238.5,62.4,139.2,3169,72.35,958.75,1806,219.45,14.61,434.55
234.9,62.35,137.35,3196.8,68.8,954.95,1784.2,219.6,14.7,434.3
233.45,62.1,137.15,3180.6,68.85,947.75,1778.7,219.1,13.68,430.1
233.85,59.5,135.6,3149.4,68.55,942.65,1781.5,218.65,13.05,427.95
234.05,57.5,135.85,3114.2,68.55,937,1764,219.35,13.13,421.3
233.65,57.75,136,3118.4,68.7,946.05,1756.9,222.15,13.29,426.3
233.85,59.2,131.65,3073.4,67.95,947.75,1788.3,219.85,13.32,425.85
236.95,58.2,133.35,2974.7,66.3,957.35,1778.6,222.4,13.77,430.1
234.75,55.1,133.75,2980.6,68.35,957.25,1780.3,223.5,12.77,422.85
233.25,55.4,132,2985.4,68.4,953.4,1765.2,224.25,12.98,423.75
229.45,56.1,135.95,2876.9,69.9,935.9,1752.8,225.95,12.48,407.7
245.3,54.05,133.9,2940.2,67.5,954.65,1714,1085.8,12.93,411.05
259.75,53.85,139.35,3057.1,65.45,976.1,1764.3,1071.5,13.15,414.5
259.65,58.2,144.9,3110,68.2,979.2,1803.8,1096.5,13.35,413.35
271.45,57.2,152.2,3089.9,67.3,979.65,1825.8,1096,14.37,425.7
263.6,59.15,156.15,3160.3,69.8,984.8,1838.5,1101.7,14.69,434.65
260.45,58.9,160,3162.6,72.4,983.7,1809.2,1108,14.18,431.45
265.2,59.05,159.2,3207.6,71.3,997,1869.8,1085.8,14.79,437.85
269.75,58.45,160.15,3191.4,74.2,1012.1,1912.1,1109.2,14.13,450.95
272.05,60.75,161.5,3185.3,76.55,1006.1,1916.5,1121,14.76,454.6
271.9,60.05,154.25,3204.4,77.3,1018.6,1915.5,1094.9,14.45,445.85
267.85,59.25,155.5,3173,78.45,996.45,1907.7,1092.8,13.16,437.55
263.4,57.6,153.45,2984.7,79.6,1005.8,1912.8,1096,13.51,435.6
267.15,57.4,153.7,2929.8,77.65,1006.5,1859,1079.8,14.07,436.7
268.9,57.8,149.35,2940.3,81.95,1009.9,1878.2,1077,14.12,431.3
266.65,60.6,148.15,2901.7,78.25,1006.1,1865.9,997.9,14.51,421.3
267.55,60.4,151.95,2868,76.8,977.25,1898.3,970.85,14.56,421.25
278,59.2,141.75,2940.4,75.35,971.2,1931.7,964.45,14.85,430.8
272.9,61.15,147.1,2936.8,80.85,964.15,1894,986.4,14.25,425.65
270.65,61.6,140.3,2919.6,79.35,974.35,1924.5,977.85,14.32,427.1
276.85,61.75,138.6,2899.3,79.6,958.3,1938.5,950.4,14.43,420.65
269.45,62.8,141,2843.2,81.7,974.25,1954.3,962.75,14.86,430.45
269.4,61.2,139.25,2849.7,84.65,967.85,1946.9,983.95,15.12,423.7
267.4,62.55,139.75,2855.8,84.45,924,1979.7,963.85,14.25,424.7
270.25,58.95,141.8,2837.6,80.9,927.05,1989.7,938.95,14.23,422.5
276.55,59.8,138.9,2838.7,77.65,918.15,1889.9,934.55,13.75,419.4
275.5,60.25,139.7,2762.8,79.7,919.6,1852.4,952.65,14.13,418.7
276.1,59.45,136.65,2789.1,78.5,932.35,1869.8,953.8,14.65,423.5
270.5,59.9,135.6,2792.9,77.1,920.4,1775.6,922.9,14.65,418.55
275.4,61,134.55,2762.2,75.05,923.15,1714.3,939.45,14.01,413.95
272.7,62.6,126.65,2728.3,72.35,929.6,1691.2,949.2,13.4,415.1
272.3,63,128.5,2716,74.55,927.9,1692.5,948.9,13.45,406.85
268.05,62.95,124.5,2697.2,71.1,915.8,1689.5,930.7,13.19,401.6
274.6,63.6,123.9,2684.6,69.1,916,1685,915.35,13.29,398.05
273.55,63.1,118.15,2702.9,66.4,915.75,1694.8,904.35,12.7,400.55
258.05,65.55,111.3,2701,64.25,919,1724.7,920.8,12.1,403.7
259.25,62.8,110.5,2709.2,64,931.35,1723.2,930.7,11.74,410.05
257.65,64.9,119.9,2702.5,66.25,923.8,1716.3,934.55,11.24,405.75
252.45,63.2,120.25,2717.4,65.2,942.5,1705.6,931.65,11.1,392.9
254.55,60.4,121.45,2696.7,66.45,909.45,1696,931.5,11.68,389.4
254.25,61.55,115.35,2697.5,64.6,909.35,1696.9,956.4,11.5,390.95
252.5,66.65,110.7,2682.2,67.65,911.5,1702.8,919.3,12.04,387.55
260.2,68.25,110.35,2747.3,66.15,922.1,1701.2,917.8,12.63,391.45
260.9,71.3,104.95,2734.1,66.45,921.25,1696.6,925.4,12.98,386.55
258.5,71,146.7,2718.8,66.25,923.35,1704.1,917.75,12.98,388.2
265.45,70.45,152.35,2768.6,66.65,931.65,1726.2,899.75,12.82,392.35
262.25,69.05,152.7,2813.7,69.15,925.65,1720.4,903.65,13.34,388.6
263.05,70.4,148.8,2878,66.4,927.1,1735.4,881.85,13.87,385.2
265.65,70.45,142.05,2800.3,65.8,917.35,1728.5,875.5,13.54,394.9
266.85,70.55,150.4,2821.4,67.15,922.15,1739.5,881.7,12.95,398.75
267.7,71.5,150.85,2765.2,67.55,921.35,1665.2,887.3,13.6,393.25
265.2,72.75,158.4,2704.1,71.35,924.2,1640.5,884.4,14.3,381.35
263.55,69.4,162.15,2675.9,72.7,922.1,1636.7,895.7,15.05,374.25
273.45,68.25,155.8,2666.1,66.35,951.85,1649.2,869.65,15.8,381.7
281.95,71.95,159.7,2545.5,67,944.25,1624.8,926.75,16.6,386.85
290.95,73.6,155.8,2502.9,69.6,967.95,1652.3,968.2,18.4,398.85
289.6,80.15,166.65,2500,71.5,968.95,1625.3,989.45,20.4,397.65
292.6,77.6,171.95,2510.8,70.95,954.9,1643.3,976.85,22.65,399
284.3,76.95,175.3,2505.5,67.6,954.8,1613.2,991.6,21.85,391.65
287.9,74.25,169.1,2495,64.45,932.65,1648.6,967.6,21.9,387.5
309.25,72.2,168.35,2524.2,64.75,980.95,1602.1,962.5,22.8,403.2
288.25,72.55,173.6,2504.8,66.85,967.55,1605.5,998.65,23.15,409.5
289.85,71.9,175.9,2512.8,66.6,958,1589.4,984.3,23.15,406.7
288.1,72.55,175.2,2506.1,68.4,953.15,1566.8,965.2,23.8,410.35
288.5,72.05,176.7,2517.2,68,962.6,1570.8,951.3,21.65,411.75
291.25,70.95,174.2,2542.2,68.5,951.35,1587.4,952.55,21.95,417.1
282.05,72.15,176.7,2502.2,69.75,914.5,1555,945.45,21.4,413
282.5,73.05,175.4,2491.2,68.45,914.55,1532.3,935.75,22.35,414.65
288.3,67.1,167.3,2494.1,68.65,898.15,1541.8,943.35,23.5,407.6
288.65,66.65,183.05,2500.4,71.25,896.4,1542.3,960.7,23.65,398.7
285.3,66.5,184.05,2492.1,72.05,897.65,1546.8,969.3,22.55,397.6
282.65,67.7,180,2484.7,72.5,896.05,1539.8,975.25,21.5,375.95
287.55,64,177.65,2493.6,68.9,903.15,1536.5,946,21.55,374.05
284.7,65.95,183.05,2480.4,69.45,902.85,1510,962.4,21.7,370.65
284.95,60.2,191.55,2480.9,68.8,907.7,1501.8,953.15,22.75,372.5
294.05,60.4,190.9,2490.8,69.25,911.65,1503.2,963.55,23.25,370.75
295.1,62.95,194.8,2496.6,70.75,917.55,1494.4,984.4,22.25,374.1
267.3,60.3,196.6,2505.9,71.55,913.05,1475.8,964.55,22.25,374.05
253.25,54.85,201.2,2487.2,74,911.25,1485.4,930.4,22.75,371.9
252.55,53.8,200.2,2493.6,75.5,911.7,1453.8,936.8,21.7,373.85
249.1,55.35,198.1,2494.2,72.6,897.65,1449,921,20.7,361.3
247.55,55.35,196.4,2496.8,70.1,899.5,1464.8,909.6,21.65,359.2
253.35,53.15,194.2,2513.4,66.4,911.85,1474.1,907.9,22.75,363.5
251.15,55,202.25,2494.9,72.55,909.15,1480.6,919.2,23.05,365.3
246.9,54.75,199.25,2498.7,71.95,912.9,1493.5,916.25,23.4,362.45
260.15,52.35,194.55,2499.4,71.2,922.45,1525.5,902.9,23.85,380.15
271.7,55.2,202.9,2491.6,75.25,924.65,1525.6,926.15,24.05,376.8
271.25,57.6,202.5,2482.2,76.15,925.1,1543.7,949.4,22.95,374.4
273.2,57.85,205.5,2486.3,80.85,922.45,1553.3,976.25,21.9,363.35
271.75,57.8,201.3,2491.8,77.85,920.7,1547.1,967.45,20.9,346.3
281,52.55,200.6,2494.9,77.25,928.75,1564.9,954.55,21.85,347.25
282.25,50.1,198.4,2492.4,78.6,922.1,1580.5,956.35,21.45,341.75
292.15,50.2,200.15,2484.2,79.2,924.55,1593.1,975.2,22.45,336.2
277.6,48.75,194.35,2477.7,75.35,927.3,1631.5,936.9,23.55,341
288.15,49.8,204.65,2478.4,77.15,932.3,1660.8,923,24.1,345.9
292.6,49.65,214.3,2480.3,80.9,935.8,1673.5,928.7,24.7,344.4
304.9,47.3,214.8,2480.7,81.25,949.8,1641,919.45,24.75,342.35
303.45,46.45,216.75,2484.1,82.85,968.15,1648.3,919.6,25.85,339.5
255.3,44.25,214.8,2487.8,83.05,970.5,1661,927.25,24.65,338.5
256.8,42.15,220.85,2498.6,82.8,963.5,1664.7,928.5,23.85,338.95
256.15,40.15,222.15,2495.2,84.65,947.8,1606.5,937.35,23.9,337.95
247.95,41.65,225.45,2502.4,85.2,937.65,1616.3,932.05,22.85,330.85
243,40.5,213.05,2479.2,82.2,926.95,1580.3,926.25,23.3,329.7
246.95,39,207.65,2492.9,80.7,915.85,1532,898.45,24.5,322.55
259.65,38.7,209.4,2485.8,79.5,942.35,1539.8,874.25,25.75,331.6
253.05,40.1,222.75,2502.3,87.55,939.7,1568.9,914.7,25.3,328.15
257,40.65,203.95,2511.2,83.35,949.45,1600.7,924.5,26.6,328.15
272.8,41.7,205.85,2555.9,85.25,977.85,1663.4,931.15,27.95,348.15
274.8,43.8,223.2,2548.1,93.1,980.45,1664.2,969.7,28,351.25
278.2,44.75,218.8,2551.2,95.25,982.1,1608.8,979.55,27.45,342.5
274.25,43.6,215.9,2534.3,95.15,994.2,1616,991.7,27.95,351.45
269.1,43.95,218.75,2500.6,98.7,986,1528.7,989.05,27.75,342
263.4,44.6,216.5,2506.3,98.1,975.25,1511.8,994.75,28.35,343.85
261.6,42.5,214.85,2486.1,99.85,973.5,1514.8,992.3,27.95,326.9
262.5,41.55,211.15,2464.8,97.15,960.8,1532.4,952.95,28.6,329.65
264.95,41.1,210.35,2475.6,92.9,975.75,1532.5,956,29.8,334.45
268.1,40.15,217.15,2498.7,95.75,973.85,1524.5,965.65,30.55,337.05
264.45,40.3,219.25,2485.9,94.45,963.1,1517.2,972.6,29.95,328.6
264.8,38.4,209.5,2481.6,91.85,961.7,1552.8,953.7,28.55,327.25
261,40,208,2470.8,92.5,970.25,1575,952.4,27.7,329.85
252.85,40.75,206.95,2476.3,92.2,967.65,1525.2,968.25,28.25,334.3
261.6,40.75,207.6,2472.2,92,978.8,1508.1,977.2,29.5,336.85
256.75,41.3,212.55,2485.1,96,968.15,1499.8,980.45,31.05,322.1
259.3,42.4,210.3,2494.8,96.1,956.25,1515.5,946.6,32.65,318.7
271.35,42.4,205.15,2513,94.85,983.75,1484.3,954.55,34.35,330.7
273.65,44.6,223.55,2482,98.15,990.35,1451.5,980.8,36.15,329.35
282.55,43.1,220.85,2490,97.8,1004.2,1453.5,982.3,34.45,336.95
276.65,41.05,233.15,2468.7,102.05,1017.5,1425.2,999.7,32.85,341.45
273.8,41.35,241.3,2493.1,107.05,1004.2,1413.2,1021.2,31.3,335.7
269.7,42.2,233.05,2452.6,106.5,967.4,1399,1019,29.85,321.45
269,42,219.65,2447.2,106,942.7,1392,994,28.45,318.45
267.25,39.95,219.25,2443.7,106.25,928.15,1400.2,996.3,25.9,309
262.95,40,219.75,2457.3,97.35,916.55,1387,972.05,24.15,301
257.45,41.25,209.5,2436.7,91,910.9,1385.2,978.8,21.96,303.45
262.65,40.55,209.8,2451.6,86.15,921.85,1365,944.15,22.28,314.85
269.7,41.2,203.75,2430.4,85.55,925.3,1357.8,964.5,21.82,321.35
248.65,38,205.7,2467.4,88,919.85,1328,972.55,21.43,315.95
250.75,37.85,204.5,2496.6,90.3,928.2,1336,994.45,23.47,314.35
266.65,38,204.35,2524.7,88.4,950.6,1373.8,1022.3,24.12,321.05
259.55,39.65,216.55,2562.9,94.55,938.2,1362.2,1035,21.93,315.7
251.95,39.05,210.85,2542.6,97.25,949.7,1364.8,985.5,19.09,315.2
255.55,40.5,192.55,2530.8,90.05,956.45,1361.8,985.25,19.32,314.1
245.2,37.75,184.15,2498.9,83,924.55,1336.3,996.9,17.48,303.15
232.45,35.75,182.45,2489.8,82.85,904.5,1393.2,1013.8,14.59,291.6
231.95,33.45,169.65,2449.8,78.2,913.75,1397,917.1,14.39,292.9
237.05,33.55,160,2436.3,65.8,967.15,1409.2,854.45,15.05,306.95
228.85,33.8,160.55,2426.2,68.8,1018.1,1407.2,835.7,14.76,293.55
225.2,32.9,152.05,2379.6,63.7,1005.6,1415.4,800.05,14.05,290.5
225.35,33,146.15,2390.8,63.45,1014.4,1415,834.75,13.95,291.5
223.05,34.5,144.7,2397.1,63.65,999.85,1410,818.95,13.7,286.7
226.4,33.9,139.5,2383.4,60.6,1010.5,1411.5,780.4,13.83,285.45
228.85,34.55,140.2,2388.7,62.3,1021.5,1423.7,779.45,14,283.8
234.4,35.5,140.4,2421.3,63.2,1024.5,1435.9,785.3,14.13,283.15
234.8,36,139,2458.7,63.6,1013.4,1437.6,786.8,13.38,283.45
234.65,35.35,139.8,2460.3,63.7,1005.8,1434.2,775.65,13.1,284.5
243.2,35.5,140.25,2424.8,62.35,1024.9,1461.1,784.2,14.27,294.1
244.4,36.35,153.55,2422.8,65.5,1040.1,1472.3,786.05,14.38,295.6
244.45,36.05,154.05,2450.4,67.1,1049.5,1481.3,796.1,14.41,282.5
247.65,36.75,153.75,2463.2,66.5,1039.5,1472.2,791.2,14.31,283.75
250.8,37.7,152.45,2486.8,62.85,1018.5,1442.8,804.95,14.58,288.15
247.15,37.85,157.05,2494,61.55,1026.3,1421.2,787.9,14.26,285.1
239.8,37.8,157.9,2497.4,63.05,1028.4,1405.7,805,13.36,281.75
240,36.4,159.6,2508.1,62.35,1012,1383.3,779.7,13.11,280.7
244.8,35.3,158.05,2497.9,60.05,1024,1396.3,764.35,13.79,281.25
249.05,36.2,165.95,2533.7,64,1032.8,1419.5,763,14.85,287.85
248.85,37.3,176.35,2540.3,62.6,1032.2,1408,778.25,14.92,285.2
242.75,35.9,178.5,2543.1,62.4,1049.3,1393.1,781.95,14.94,283.25
239.45,36.2,176.65,2553.6,60.55,1007.5,1388.8,781.35,13.96,283.2
241.45,35.2,171.05,2559,59.25,1003.5,1390.3,751.35,12.42,282.95
238.75,35.2,176.25,2572.9,60,1017.2,1394.2,749.55,11.25,285.15
242.25,35.1,171.8,2598.6,56.85,1019.1,1347,741.8,11.35,289.15
240.4,35.75,176.5,2584.4,57.95,1031.2,1354.2,757.55,11.33,292.75
236.3,35.05,175.05,2573.7,56.4,953.85,1373.5,734.6,11.1,286.85
236.35,34.65,176.65,2589.1,54.55,944.85,1369.7,744.1,9.89,286.2
232.5,33,176.1,2570.7,52.25,925.7,1359.8,752,9.62,277.3
231.25,32.9,174.5,2547.4,48.75,925.45,1363.2,704.75,9.81,280.3
236.05,32.8,175.15,2551.7,47.65,947.7,1343.3,680,9.8,280.55
234.25,32.5,177.55,2557.6,49.75,940.65,1350.4,669.45,9.89,276.3
232.2,32.85,171.7,2592.3,50.05,936.2,1345.8,661.35,10.07,275.75
229.75,33.7,170.65,2562.2,50.75,933.35,1333.7,641.75,10.15,274.6
226.2,34,171.25,2634.9,51,933.85,1353.4,641.5,9.74,276.95
229.7,33.55,167.25,2655.9,50.95,936.4,1324.8,632.75,9.98,284.2
230.25,33.2,173.9,2653.9,53.25,924,1318.3,649.25,9.85,280.6
227.2,32.15,173.65,2603.2,53.55,929.9,1310.7,635.65,10.01,277.85
228.45,32.65,175,2534.8,52.9,939.65,1314,624.85,10,278.95
231.25,31.65,168.5,2476.6,52.4,954.1,1319.2,615.75,10.21,284.35
236.95,32.55,179.15,2447.7,54.5,918.8,1326.8,613.7,10.2,285.8
238.5,32.2,178.4,2509.8,55.05,905.15,1322.5,626.25,10.5,286.2
235.35,33,171.65,2649.3,54.85,904.45,1336,633.7,10.59,285.85
233.05,33.15,167,2677.4,54.3,913.95,1324.7,617.05,10.62,291.3
227.45,32.9,152,2747.8,51.95,910.45,1314.5,595.05,10.63,290.3
224.35,32.75,144.75,2960.1,49.3,914.15,1314.9,591.5,10.29,287.75
221.8,31.75,140,3053.1,48.2,886.5,1317.3,565.9,9.95,266.15
222.9,30.25,139,3046.1,47.35,909.9,1312.8,539.3,10.07,267.6
227.25,30.75,140.8,3047.2,47.35,911.3,1313.6,552.2,10.26,268.7
221.85,30.6,140.05,3035.3,46.55,907.95,1311.8,542.85,10.23,270.1
221.7,31.05,141.65,3029.2,46.25,916.95,1311,537.75,10.22,269.75
220.4,29.95,142.9,3025.9,46.9,915.05,1308,539.45,10.1,268.45
218.45,30.1,142.5,3018.2,46.6,926.9,1312.3,534.45,10.1,266.8
221.3,29.95,143.65,3007,46.6,905.05,1318.5,531.2,10.17,265.5
221.95,29.85,143.2,3016.9,46.95,880.65,1310.5,540.7,10.2,269.4
223.9,30.35,142.6,3013.2,47.9,875.7,1321.2,543.1,10.41,270.7
220.5,30.2,143,3008.5,46.5,881.75,1322.2,532.5,10.92,268.1
218.7,30.45,144.45,3004.2,47.2,880.9,1315.7,537.1,11.06,269.05
223.5,30.5,142.7,2983.1,47.05,900.1,1324.6,530.35,11.16,272.1
227,31.9,139.95,2982.3,48.6,908.15,1318.3,548.85,10.96,272.3
220.95,31.55,140.55,2977.6,50.35,897.05,1310.2,546.95,11.02,271.1
220.4,32.8,142,2972.3,51.15,913.9,1302.9,557.15,11.23,267.35
221.7,32.55,137.95,2969.4,50.7,908.3,1323.2,555.8,11.34,256.7
226.7,32.55,135.4,2982.2,50.35,900.9,1320.5,549.75,11.41,254.4
212.45,31,137.95,2984.6,52.1,897.25,1317.2,560.3,11.43,259.1
215.85,30.75,134.35,2985.1,51.85,877.5,1312,565.15,11.04,264.25
219.45,30.65,134.15,2981,52.2,878.7,1299.8,548.95,10.75,262.35
219.55,31.85,137.3,2978.9,53.8,879.25,1297,548.6,9.78,256.25
226.6,32.5,134.75,2976.8,53.45,894.85,1314,517.85,10.01,255.2
224.35,33.25,141.1,2977.9,56.35,892.3,1305.5,540.2,9.77,248.85
224.85,32.7,141.35,2980.3,57.1,888.55,1306.5,547.35,10.24,250.15
239.1,32.5,140.05,2981.4,56.85,911.65,1320,547.8,10.73,262.45
242.55,34,152.8,2975.1,62.35,924.75,1320.4,581.8,10.99,264.4
243.25,34.8,158.95,2977.1,64.85,951.05,1320.2,610.2,11.33,268.05
243.45,34.6,158.55,2977.6,65.55,975.3,1310.6,617.9,11.25,264.7
243.75,34.45,157.25,2976.8,64.95,971.15,1325.2,610.7,10.56,259.8
242.45,34.95,155.75,2977.1,65.25,961.45,1320.5,600.9,10.51,260.2
247.55,34.5,155.4,2971.7,63.65,995.25,1311.7,597.05,10.77,261.7
251.3,34.2,161.8,2975,65.6,1019,1310.9,616.7,11.05,263.4
245.85,35,159.8,2978.2,65.9,1016.9,1318,615.6,10.92,262.25
246.8,34.4,157.1,2983,64.25,1020.5,1319.6,600.35,11.21,262.9
248.4,34.85,160.85,2968.9,63.7,1044.2,1322,601.2,11.25,265.05
254.6,34.6,156.5,2961.1,63.15,1050.5,1320,596.6,11.49,268.5
258.1,34.5,159,2974.5,64.4,1028.6,1336.2,604.95,11.83,269.95
255.3,34.95,162.3,2984.9,66.75,1019,1341.5,610.3,11.69,263.75
258.35,34.5,163.75,2984,66.6,986.7,1351.5,601.2,10.98,265.15
256.15,35.4,166.8,2987.6,67.45,985.7,1356.2,610.05,10.86,265.9
256.55,34.15,168.65,2987.6,68.15,982.25,1339.4,618.35,10.54,267.9
263.6,35,166.6,2990.9,68.4,994.6,1361.8,611.2,11.35,276.55
261.3,35.95,170.35,2992.6,72.95,978.95,1352.8,635.3,10.32,274.9
261.25,35.25,166.95,2979.3,68.85,982.85,1355.5,626.65,10.47,272.75
255.1,35,166.4,2958.4,68.4,985.1,1304.8,625.35,10.54,273.7
260.05,34.15,171.2,2954.7,69.4,991.35,1298,635.05,10.94,271.15
264.3,34,170.45,2951.3,69.6,984.05,1302.5,629.85,10.03,273.15
255.8,33.8,170.9,2937.3,71.15,984.4,1310.5,635.1,9.92,269.35
250.5,34.35,169.95,2929.8,69.95,981.65,1300.8,624.2,10.03,266.05
238.75,34.05,162.85,2936.8,67.4,964.55,1301,594.75,9.65,264.4
240.95,34.15,158.65,2942.8,65.35,970.25,1299.7,580.2,9.32,263.75
240.35,35.35,160.3,2946.2,67.6,960.1,1265.2,589.9,9.26,263.1
242.5,35.5,151.9,2927.4,64.35,958.3,1261.7,565.55,9.33,264.1
251.5,37.2,152.25,2468.4,64.45,956.8,1264,565.5,9.43,267.4
263.2,36.45,150.8,2441.7,65.2,964.15,1270.2,565.55,9.73,269.05
268.2,35.1,156.2,2462.9,68.55,979.6,1274.5,586.3,10.05,275.05
269.55,34.25,156.95,2489.8,69.15,986.35,1275.8,596.35,9.44,271.7
268.4,34.6,160.35,2514.6,68.9,993.95,1277.3,605.7,9.73,274.15
273.25,35.8,165.15,2524.7,69.7,994.8,1274,610.1,9.63,271.75
269.15,29.85,155.8,2555.3,68.55,998.65,1259.4,597,9.72,273.15
291.1,30,156.05,2575,68.55,996.4,1274.3,581.7,9.73,273.8
254.4,29.95,153.15,2593.1,67.9,990,1273.8,569.2,9.74,275.6
254.3,30.5,155.95,2524.3,69.7,995.3,1284.7,556.6,9.8,276.9
249.15,29.85,152.65,2496.8,69.35,987,1261.4,555.55,9.87,277.5
251.45,29.75,152.15,2382.2,69.2,982.25,1238.1,549.75,9.93,273.45
239.9,29.95,149.45,2392.9,68,979.7,1251.8,531.95,9.13,271.65
244.8,30.05,147.45,2387.7,66.7,998,1246.5,527.45,9.37,278.6
247.45,30.05,149.45,2398.1,67.45,998.65,1246,525.75,9.7,280.8
246.45,30.05,149,2400,69.05,999,1249.5,533.4,9.66,279.95
245.65,30.45,144.4,2404.6,66.95,1007.6,1252.7,516.85,9.73,279.25
248.35,30.55,145.35,2405.7,67.5,1030.5,1258.9,517.6,9.76,279.35
248.7,30.65,150.2,2413,70.35,1028.1,1252.5,537.75,9.91,280.45
251.2,31.6,149.6,2410.2,72.25,1028.8,1259.8,548.85,10.06,280.45
247.1,31.85,148.8,2410.4,70.1,1020.5,1249.3,529.95,9.15,276.35
239.95,30.1,145.55,2410.5,68.55,1011.1,1238.8,520.25,8.32,272.35
242.3,29.7,142.6,2462.6,65.6,1021,1232,505.3,8.68,270.95
246.85,29.65,144.65,2466.2,66.8,1007.4,1234,504.6,8.93,265.75
248.75,29.65,148.15,2481,64.2,1029.9,1236.1,518.3,9.22,270.1
253.95,29.75,152.55,2480.9,66.5,1054.7,1234.2,522.05,9.6,270.45
263.1,29.9,148.75,2502.3,61.15,1133,1240.6,545,10.03,270.2
262.5,30.9,155.85,2472.5,64.75,1136.5,1244.8,559.9,10.17,272.15
260.4,30.65,160.75,2455.7,65.9,1128,1260.3,582.5,10.01,273.5
259.95,31,157.5,2470.1,65.6,1122.8,1247.2,575.95,9.84,269.15
262.7,30.65,157.35,2422.8,65.9,1093.2,1239.2,570.45,9.7,268.1
271.3,31.2,151.7,2419.3,62.75,1086.5,1237.8,544.3,10.2,262.2
270.55,30,149.2,2426.8,63.05,1080.8,1238.7,499.7,10.73,264.15
267.55,30.05,149.95,2413.9,62.9,1072,1228.1,502.9,11.29,262.05
262.35,29.65,146.3,2412.7,59.5,1093.4,1278.8,480.75,10.76,261.1
260.15,30.2,151.35,2419.8,62.5,1107.1,1278.5,496.55,10.25,262.45
251.65,30.6,159.2,2476.5,63.45,1086.5,1281.7,494.2,9.77,262.25
253.75,30.3,158.65,2472.2,64.9,1106.5,1283.2,495.3,9.31,258.25
247.25,30.4,164.2,2472.1,67.6,1116.5,1262.8,487.2,8.47,253.8
248.65,29.9,165.95,2471.7,65.95,1111.8,1273.6,484,7.7,247.9
249,29.65,157.15,2472.4,63.4,1114.5,1264.4,475.2,7.52,248.6
244.35,29.7,153.35,2476.5,60.95,1080,1241.5,463.95,7.37,244.7
247.8,29.55,153.45,2473.3,62.3,1111.2,1229,469.6,7.34,246.75
257.2,30.25,153.75,2472.3,62.2,1104.3,1260.3,487.75,6.97,248.45
239.1,29.85,154.3,2482.1,62.35,1074.9,1268.2,486.6,6.93,251.55
237.7,30.6,149.5,2479.1,61.4,1004.9,1277.5,474.75,6.98,243.1
238.4,30.55,146.95,2474.8,60.95,1000.9,1278.2,476.35,6.78,242.35
239.3,29.55,138.95,2490.9,56.35,1007.5,1297.3,467.55,6.61,241.15
238.5,29.15,137.9,2469.2,56.45,1007.8,1283.2,467.25,6.51,241.3
242.05,28.8,139.25,2467.8,56.95,1008.3,1260,470.3,6.57,241.85
227.25,29.15,139,2466.8,56.75,1001.9,1258.2,470.65,6.51,240
227.1,29.7,136.9,2436.8,55.9,991.6,1240.2,462.7,6.49,237.8
228.45,29.25,128.45,2413.6,54,1001.2,1233,461.75,6.57,240.15
234.4,29.4,131.8,2418.9,54.6,1005.7,1220.2,477.8,6.59,241.75
232.85,29.3,135.55,2429.9,54.75,992.8,1239.2,476.65,6.53,243
235.3,29.45,136.7,2405.1,55.8,1007.6,1274.7,485.65,6.52,243.35
239.2,28.95,140.5,2403.1,55.4,1016.5,1265.5,483.85,6.37,242.6
234.15,29,141.8,2450.3,56.3,1012.5,1293.7,484.05,6.44,248.65
237.75,29.65,151.6,2345.3,59.7,1031,1261.5,516.25,6.75,250.9
236.7,30.6,171.4,2348.3,64.2,1016.6,1218.3,556.95,6.54,242.75
238.4,31.1,160.45,2352.1,58.9,999.45,1218.2,510.1,6.43,243.4
237.6,31.3,153.85,2344.9,57.7,1010.6,1209,500.3,6.59,244.4
239.65,31.35,153.75,2353.1,58.2,1010.7,1211.1,507.65,6.81,247.2
230.8,31.15,156.85,2404.9,61.7,1007.5,1218.8,514.2,6.64,240.05
231.8,30.85,149.15,2416.7,60.15,1004.4,1230.3,494.15,6.4,244.75
230.65,30.05,150.55,2325.2,62.25,989.45,1240.9,496.75,6.34,245.05
222,30.8,143,2251.7,60.65,940.9,1227.8,463.95,6.23,241.7
216.45,30.3,137.75,2262.4,60.2,944.75,1229.5,446.45,6.29,242.55
213.25,29.6,137.75,2261.8,60.15,942.35,1212.6,442.85,6.1,236.6
211.25,30,126.5,2282.3,55.8,942.65,1201.9,413,6.04,239.35
218,29.7,127.4,2348.1,55.85,950.6,1249.9,409.55,5.97,247.75
215.55,30.15,136.65,2347.8,60.4,940.25,1207.8,439.05,5.94,247.65
212.65,28.85,129.7,2286.3,56.9,943.25,1225.5,430.05,5.94,249.7
208.4,29.25,131.35,2267.8,55.65,939.2,1219.5,425.45,5.76,247
217.45,28.7,131.9,2261.7,54.8,950.5,1212,434.65,6.32,246.95
220.2,28.9,130.3,2313.6,57.4,973.7,1228.4,459.4,6.39,249.7
219.8,30.15,137.1,2282.1,60.75,958.45,1239.7,477.65,6.4,245.35
214.9,29.4,137.05,2269.9,60.2,961.25,1251.2,483.15,6.36,247.45
208.9,28.5,143.85,2247.1,60.4,954.7,1267.8,487.65,6.48,243.5
215.3,28.35,150.85,2253,57.5,976.35,1268.6,479.4,6.64,247.2
209.1,29,153.9,2244.7,62.1,965.8,1285.3,478.1,6.56,244
216.05,29.15,148.45,2256.1,59.1,967.2,1324.8,479.85,6.61,248.1
230.85,28.55,145.55,2286.2,57.05,1021.5,1352.7,500.05,6.94,256.25
225.4,29.2,158.35,2274.8,63.15,999.25,1352.8,537.7,7.04,246.1
217.2,30.75,149.6,2286.4,63.7,974.5,1326.7,539.65,6.77,246.55
205.65,30.1,138.55,2330.8,60.95,967.25,1297.5,535.3,6.71,255.1
206.75,30,138,2392,61.95,970.3,1258.2,540.15,6.7,248.75
201.25,28.3,130.95,2322.7,61.95,972.95,1263.8,532.65,6.69,251.6
210.75,27.35,122.15,2251.9,58.15,1001.5,1296,520.65,6.82,258.8
203.45,28,129.35,2271.6,59.25,995.5,1298.1,537.6,6.72,264.95
207.15,27.65,128.3,2338.8,58.85,1029.4,1323.8,523.75,6.96,255.95
210.5,28,137.85,2373.8,59.55,1055.3,1370.8,543.9,6.96,258.25
216.35,28.6,149.6,2384.1,63.55,1038.8,1349.2,571.1,6.9,266.25
219.05,28.5,158.8,2437.8,63.15,1068.8,1407.9,565.8,7.16,268.55
223,28.8,169,2445,65.3,1072.6,1439.8,584.05,7.55,272.15
226.7,29.45,172.05,2424.7,68.35,1018.9,1451.3,595.95,7.68,274.75
226.45,29.9,175.1,2450.4,69.7,1028.5,1490.1,628.3,7.8,282.55
233.6,29.9,174.75,2483.1,71.2,1062.2,1486.6,631.3,8.07,285.7
218.5,29.5,174.55,2486.2,73.7,1054.8,1497,661.95,8.04,283.95
218.8,28.3,169.65,2527.8,71.9,1063.8,1494.2,646,8.12,284.5
219.6,28.95,168.25,2541.3,72.55,1064.2,1512.1,631.05,8.3,283.4
220.4,28,171.25,2572.6,73.8,1080.5,1500.5,636.9,8.46,283.25
224,28.75,165.55,2600.4,67.6,1071.3,1459.3,620.6,8.8,283.75
227.4,29.1,164.65,2570.8,67.65,1076.7,1452.8,624.9,8.96,286.7
226.3,30.3,178.45,2550.8,74.95,1068.8,1410.3,661.8,8.82,285.7
226.65,28.05,176.95,2481.6,71.95,1076.5,1417.9,632.9,8.99,284.45
225.95,28.45,178.3,2493.1,71.9,1079.9,1400.5,630.55,9.02,285.6
232.65,28.35,173.7,2508.9,64.1,1001.4,1414.8,622.5,9.04,283.9
227.7,28.2,177,2525.3,66.75,985.1,1412,630.15,9.03,275.8
234.55,29.3,175.25,2558.3,63.15,999.15,1386,620.35,9.05,276
241.2,29.25,177.7,2613.2,64.65,988.8,1354.9,625.25,9.07,271.65
241.9,29.45,178.65,2616.2,64,977.45,1320.2,619.8,8.98,277.65
251.1,29.55,175.85,2468.8,64,997.2,1347.8,621.6,9.32,282.8
250.85,29.6,183.45,2466.5,67.9,1015.6,1349.3,656.2,9.44,287.75
242.6,30.2,189.15,2338.8,68.75,995.8,1353.5,669,9.11,281.35
240.3,30.15,180.85,2330.6,63.1,980.8,1337,650.9,8.94,271.15
234.85,29.5,176.2,2315.8,60.05,966.1,1302.7,636.55,8.86,272.65
234.2,29.2,168.65,2386.1,59.2,987.05,1260.5,643.25,9.03,269.6
238.9,30.15,166.5,2423.3,60.55,959.15,1287.6,646.95,9.07,275.15
246.85,30.6,164.3,2484.5,61.45,986.45,1303.8,647.5,9.36,289.4
247.7,30.9,175,2501.3,63.4,1047.1,1317.7,667.2,9.39,296.35
256.3,31.65,175.5,2471.7,65.05,1085.2,1341.2,687.35,9.66,299.35
256.65,31.7,189.05,2428.6,71.6,1109.1,1307.3,726.05,9.58,300.25
257.25,32,188.8,2441.8,68.8,1109.5,1323.2,725.35,9.67,300.9
256,32.4,190.15,2430.5,69.3,1090.4,1322.3,742.15,9.65,302.85
246.35,32.2,189.95,2468.9,68.4,1029.5,1310.5,741.9,9.23,296.5
252.8,31.8,186.5,2493.3,65.55,1100.2,1364.5,721.05,9.56,302.15
255.8,32.1,189.7,2427.1,69.55,1375.3,1401.5,754.2,9.88,300.1
267.4,31.85,186.9,2504.6,70,1423.7,1430.1,747.4,10.51,305.35
267.15,32.4,196.15,2633.9,73,1447.9,1447.5,758.8,10.76,307.6
270.3,32.75,198.4,2709.1,74.95,1460.2,1464.8,763,10.98,305.9
271.85,33,202.5,2674.7,74,1455.8,1474.2,774.85,10.95,304.1
272.05,33.35,199,2754.8,72.3,1459.1,1444.1,763.95,10.75,302.4
270.9,33.5,192.9,2661.2,70.9,1469.6,1449.7,759.9,10.58,300.9
277.3,32.6,195.65,2507.1,71.9,1482.3,1453.5,759.1,11.75,301.25
288.45,33.05,194.85,2300,69.8,1500.3,1459.2,759.25,13.04,301.95
287.2,33,206,2270.2,75.1,1516.8,1483.3,796.7,13.14,302.35
287.25,32.45,210.55,2265.1,77.65,1515.1,1473.1,802.7,13.3,304.5
287.7,32.8,213.85,2282.9,80.8,1518.2,1490.8,809.95,13.22,306.8
283.85,32.8,215.45,2267.7,80.85,1519.5,1461.7,802.1,13.22,304.55
284.55,32.75,211.7,2279.5,79.25,1512.3,1439.8,787.7,13.37,306.65
298.95,32.05,211.05,2277.4,76.8,1526.9,1413.6,771.65,13.91,311.25
296.55,33.45,227.1,2275.9,79.4,1532.5,1418.5,807.35,14.11,313.95
298.5,33.8,240.65,2281.1,81.55,1547,1425,820.45,14.34,317.65
302.15,33.6,248.05,2321.2,82.5,1555.9,1487,833.7,14.47,323.35
304.4,34.15,249.45,2278.7,85.45,1564.9,1541.8,834.75,14.12,323.95
308.1,35.15,242.85,2304.2,84.4,1572.5,1545.9,817.1,14.28,323
310.55,36.5,241.65,2324.1,80.05,1563.8,1549.2,822.95,14.1,322.15
297.5,36.4,230.3,2329.6,75.6,1637.2,1533.7,765.6,14.01,319.6
305.4,36.65,232,2312.4,76.45,1651.2,1541.6,758.8,14.32,322.55
300.2,36.05,236.7,2329,78.05,1636,1536.5,772.65,14.36,321.85
299.45,35.65,237.4,2314.7,77.45,1627,1525.6,771,14.36,321.45
291.6,34.9,234.55,2338,77.35,1633,1513.8,783.45,14.51,325.2
294.8,34.35,237.1,2378.4,80.45,1635.1,1512.5,749.2,14.72,331.1
287.3,33.35,239.35,2317.4,76.6,1630.7,1511.2,747.5,14.46,329.9
288.75,33.4,232.8,2275.8,77.95,1623.4,1509,738.15,14.18,325.35
286.15,33.25,231.5,2263.8,77.5,1611.2,1504.9,745.9,14.46,329.55
288.75,33.5,239.1,2254.3,74.4,1590.2,1469.7,768.5,14.57,325.3
287.05,33.4,238.05,2218.7,74.4,1542.8,1390,768.1,14.25,320.65
289.2,33.7,241.55,2201.3,75.2,1516.2,1394.8,783.9,13.96,320.35
280.5,33.35,237.65,2195.7,70.45,1513.3,1390.8,771.85,14.21,325.15
284.45,34,242.5,2197.7,71.05,1519.3,1382.9,785.9,14.32,322.8
285.05,33.7,246.85,2198.4,70.6,1527.5,1397.8,778.45,14.62,324.6
291.4,33.7,251.1,2197.6,64.95,1519.4,1383.4,782.1,14.18,322.6
255.05,34.5,247.85,2207.6,60.85,1510.2,1350,766.55,13.99,320.35
254.95,33.75,243.3,2197.6,60.25,1508.8,1344.2,747.6,13.74,320.35
249.45,34.5,245.35,2195.6,59.1,1500.8,1341.7,740.4,13.69,318.05
249.3,34.45,242.15,2189.8,55.75,1491.3,1351.2,734.65,13.43,315.75
251.75,32.15,246.45,2194.9,54.3,1509,1330.8,714,13.48,316.7
248.4,31.6,246.75,2203.5,54.9,1502.7,1320.6,709.25,13.45,318.15
248.35,31.7,235.2,2191.7,53.6,1498.9,1316.7,707.8,13.49,315.15
248.45,31.9,230,2190.2,51.35,1513.4,1308.2,689.7,13.53,311.05
250.95,32.15,233.4,2194.8,52.4,1516.7,1321.5,705.5,13.59,311.3
249.55,32.25,232.95,2205.8,53.1,1506.5,1309,718.8,13.6,310.8
257.7,31.6,235.25,2252.2,54.35,1533.9,1312,716.35,13.97,320.65
263.2,32.7,245.4,2222.9,55.3,1548.9,1300.5,726.95,13.98,325.55
251.9,33.15,255.9,2219.1,57.5,1499.4,1278.8,743.75,13.85,323.7
238.95,32.6,253.2,2189.2,56.7,1477.5,1246.5,725.05,13.65,322.4
239.35,30.9,234.65,2171.7,54.65,1468.7,1239.6,717.5,13.5,323
240.8,31,236.2,2154.4,52.6,1473.3,1281.2,712.7,13.45,321.15
248.85,30.95,242.1,2168.7,52.5,1481,1309.3,723.95,13.35,316.95
260.1,30.95,231.05,2160.2,53.6,1478.8,1318.7,726.35,13.6,309.65
270.15,32,239.4,2145.8,53.85,1476.8,1317.4,716.9,14.1,315.25
278.45,32.85,248.65,2145.5,55.35,1512.3,1332.4,743.65,14.65,320.2
279.85,32.8,259.05,2158.3,58.45,1563.6,1327.7,770,14.95,320.7
284.8,33.15,270.45,2114.4,60.65,1572.8,1314,794.8,15,321
291.55,33.55,272.75,2123.4,60.65,1595.7,1317.6,798.45,15.15,323
291.55,33.05,284.7,2125.2,64.3,1550.2,1309.8,797.5,15.7,326.4
295.95,33.5,280.5,2128.7,62.3,1589.2,1313.8,788.8,16.3,325.45
298.5,33.4,283.8,2124.6,63.1,1510.2,1315.2,804.95,16.85,327.3
297.5,33.55,285.7,2112.8,65.6,1509,1332.2,813.65,16.85,329.3
298.5,33.95,277.8,2104.1,65.75,1500,1331.8,814.2,17.05,325.6
292.4,35.45,279.35,2111.1,65,1494.5,1355.3,810.55,17.65,325.6
285,34.7,269.55,2110.7,64.5,1459.9,1355.4,809.25,17.8,324.4
285.05,34.05,259.65,2095.6,61,1419.6,1356.7,789.75,17.65,322.1
288.15,34.8,250.7,2091.8,57.8,1417.5,1304.2,780.9,18.95,324.65
295.65,35.65,259.5,2110.1,60.9,1442.9,1275.7,789,16.05,326.75
288.8,36.05,276.8,2089.9,59.75,1465.6,1299.5,787.9,24.25,333.5
290.55,36.3,277.55,2092.2,64.6,1463.2,1294.3,836.3,21.3,331.45
306.05,36.1,269.35,2103,63.45,1485.1,1304.3,826.75,22.25,330.85
314.2,36.9,271.7,2097.3,66.35,1510.3,1316.5,844,23.15,330.2
317.6,36.85,281,2100.4,69.05,1507.2,1336.5,852.65,23.1,331.85
329.6,37.05,272.4,2124.4,68.5,1516.4,1354.2,841.9,23.55,338.2
341.6,37.7,279.7,2102.1,72.55,1513.2,1349.5,866.1,23,340.7
350.15,38,270,2091.4,71.4,1492,1331.8,861.35,22.35,337.95
299.05,37.35,261.45,2094.8,70.75,1489.2,1317.2,849.8,21.7,339.85
304.95,36.8,248.8,2097.7,70.9,1477.6,1311.2,845.85,23.75,334.95
314.25,37.3,253.95,2095.8,68.5,1493,1334.2,850.65,22.9,339.9
314.1,38.65,258.5,2088.2,69.2,1494.5,1343.7,850.25,23.9,344.2
313.3,38.55,267.5,2083.9,71.85,1488.2,1329.8,860.35,24.85,345.5
310.5,40.05,271.45,2093.1,74.25,1481.8,1333.7,859.1,24.9,354.75
316.2,39.25,268.15,2075.3,73.35,1499.8,1355.7,863.7,25.5,362.65
319.8,39.5,269.75,2061.7,75.4,1510.5,1363.8,878,26.75,351.05
321.55,40.05,273.05,2076.6,78.5,1503.6,1355.2,881,25.45,359.9
327.8,39.1,272.65,2033.2,78.55,1511.1,1341.8,879.75,24.7,359.2
330.25,39.45,270.05,2039.8,79.2,1520.3,1345.5,882.7,25.15,360.75
332.65,42,267.95,2051.1,78.55,1502.5,1350.8,899.4,24.5,357.9
342.35,42,277.8,2055.8,76.85,1522.2,1384.5,912.45,21.2,360
346.7,42.1,272.7,2054.9,75.15,1552,1364.5,834.25,21.05,363.95
339.55,41.15,263.5,2034.2,73.4,1570.7,1387,859.3,21.5,366.8
345.9,41.65,266.95,2065.7,77.05,1586,1408.3,871.9,21.1,366.85
347.75,41.55,259.8,2058.1,76.35,1530.1,1428.5,873.4,18.05,355.5
363,41.35,251.2,2107.1,72.95,1557,1431.5,851.8,18.6,369
368.7,43.45,251.45,2148.2,75.7,1579.6,1482,873.8,18.7,370.2
366.6,44.1,253.3,2176.8,76.45,1597.4,1495.8,882.45,19,370.65
366.9,45.5,256.75,2192.7,80.05,1590,1493.8,892.45,19,367.45
373.35,44.75,262.15,2206,80.15,1598.8,1445.8,893.45,19.35,371.4
372.7,45.55,257.35,2204.7,78.35,1570.2,1465.2,890.6,18.95,371.8
377.4,45.6,248.6,2201.7,78,1584.8,1468.8,883.55,19.6,373.5
371.05,47.45,252.5,2187.8,80.35,1591.6,1489.6,901.25,19.8,371.05
369.45,46.9,247.8,2178.9,78.25,1577.1,1501.7,905.65,19.35,366.6
377.4,45.9,230.05,2194,75.3,1602.1,1523.1,880.55,20.4,371.05
378.45,47.3,233.35,2184.1,76.85,1599.9,1539.5,888.25,19.75,374.4
377.85,47.2,233.9,2186.9,78.6,1627.7,1544.7,887.4,18.45,376
384.35,46.5,236.65,2183.1,79.75,1597.5,1537.1,896.4,18.7,373.65
387.05,47.7,234.9,2155.1,78.15,1576.5,1525.6,902.35,18.4,364.6
387.95,47.55,237.75,2142.2,78.5,1626.2,1529,908.35,18.35,364.7
380.7,47.65,238.6,2143.9,77.85,1608,1533.3,898.35,18.65,352.35
375.15,46.2,235.2,2147.8,76.7,1416.8,1563,905.25,18.75,355.65
369.95,47.6,235.25,2165.7,77.75,1404.2,1567,891.85,18.55,352.95
374.85,48.7,230.5,2122.1,74.8,1401.8,1541.3,871.35,19.3,349.65
372.2,48.75,224.6,2108.6,72.8,1397.7,1525.4,843.5,17.95,340.5
378.15,48,225,2076.5,71.3,1403.2,1510.7,845.2,17.6,341.55
377.3,46.5,225.6,2079.6,72,1405.8,1489.2,841.85,17.9,339.85
382.4,46.05,223.4,2072.7,71.3,1396.1,1482.9,833.05,18.25,341.1
388.15,44.6,219.55,2087.2,71,1411.3,1491.7,831.65,18.6,347.05
392.1,44.4,225.75,2061.2,74.15,1407.7,1440.5,852.25,18.65,348.5
390.45,44.85,225.55,2062.2,74.7,1410.2,1406.9,850.9,18.5,340.8
392.7,44.45,223.55,2062.6,75.35,1429,1390,844.4,18.85,339.2
387.15,43.75,218.2,2059.3,74.1,1389.8,1390.5,838.05,18.6,337.05
390.45,43.2,217.75,2074.8,73.4,1395,1404.1,831.6,18.3,332.8
395.95,40.3,214.45,2043.5,71.4,1400.3,1400.2,818.75,18.3,339.25
399.15,39.65,217.3,2046.8,72.15,1404.3,1410.1,825.8,18.4,341.8
387.25,39.55,217.85,2049.4,71.6,1411.2,1426.9,829.15,18.7,347.25
383.15,39.3,221.95,2057.7,75.45,1394.7,1419.5,839.6,18.7,347.1
386.1,38.55,220.7,2051.8,74.35,1413.2,1439.5,821,19.05,350.6
387.5,39.8,226.4,2045,76.2,1385.8,1448.8,822.45,18.95,345.45
387.15,40.3,222.35,2033.7,75.05,1380.2,1472,813,18.8,352.4
383.1,40.25,212.8,2023.7,70.3,1389.8,1462.8,786.05,19.5,335
386.9,38.3,210.65,2045.9,70.8,1383.8,1441.6,782.5,19.55,327.9
384.2,37.05,210.1,2051.9,68.55,1398,1454.8,785.6,18.55,324.55
383.95,36.9,208.6,2037.8,69.65,1369.8,1422.5,766.4,17.05,310.4
376.5,36.85,205.15,2044.1,66.7,1368.5,1360.8,754.15,15.5,311.7
377.3,37.2,200.35,1998.5,65.35,1382.2,1327.6,740,15.2,312.95
380.1,36.7,200.7,2015,64,1381.7,1330.7,734.25,15.3,311.5
384.05,36.9,200.9,1996.6,64.35,1392.5,1341.1,734.05,15.35,312.45
380.95,37.95,201.9,1994.6,63.9,1354.2,1334.5,727.7,15.45,312.5
387.4,37.3,199.65,1989,62.05,1382,1318.3,731.05,15.45,312.3
390.2,38.15,204.65,1988.5,64.75,1427.5,1329.9,744.95,15.4,316.45
388.85,37.4,203.8,1977.4,65.25,1348.1,1324.6,743.3,15.65,316.7
393,37.85,209.3,2006.6,68.8,1123.5,1332.2,763.1,15.65,320.3
394.4,38.25,202.75,2002.7,66.7,1113.2,1320.9,767.45,15.35,319.55
395.1,37.4,206.15,1996.7,67.75,1099.6,1328,772.05,15.5,318.15
398.25,37.65,211.25,1999.3,65.4,1093.2,1310,770.35,15.6,319
402,37.8,213.75,1998.3,65,1088.7,1301.2,778.2,15.65,318.5
404.1,37.6,210.95,1999.2,62.7,1085.8,1307.6,777,15.6,318.85
402.85,37.65,206.4,1981,61.45,1080.8,1301.3,757.15,15.6,317.85
405.35,37.65,202.7,1998.3,59.15,1075.3,1271,755.35,15.65,316.7
400.75,38.4,205.25,2003.1,60.3,1071.3,1278.1,755.8,15.75,316.25
393.7,38.5,204.35,1999.5,60.45,1064.7,1284,751.95,15.7,316.3
391.55,37.65,202.7,1998.1,57.4,1058.4,1285.3,739.15,15.8,319.25
402.85,37.95,199.05,1989.6,56.75,1058.7,1233.5,729.75,15.85,321.9
411.25,37.45,203.55,1993.3,59.05,1060,1228,757,15.45,324.45
420.1,38.7,202.9,1997.2,59.9,1071.2,1234,749.05,15.8,325.8
418.8,38.35,204.8,1988.7,60.8,1057.5,1247.4,804.35,15.5,325.9
418.05,39.2,205.35,1992.4,62.75,1012.1,1256.2,818.4,16.05,326.55
416.1,39.9,206.85,1994.8,63.25,1009.8,1248.7,819.75,15.65,325.9
424.1,39.4,206.05,1991.5,62.35,1026,1243.5,822.15,15.8,326.65
408.05,39.5,205.25,1990.5,64.55,1011.6,1236,831.55,15.7,324.45
412.6,41.5,201,1985.7,59.95,1005.2,1237.2,813.6,15.7,323.45
417.3,41.4,208,1971.2,59.05,1001.8,1237.8,805.1,15.95,324.6
419.15,39.15,217.25,1963.4,60.45,1012.4,1224.2,820.1,15.9,325.5
422.9,39.35,218.9,1969.3,61.5,1016.8,1235.5,821.15,16.2,323.35
418.45,39.6,221.35,1959.5,64,1010.5,1249,821.5,16.55,315.9
427,39.55,213,1946.2,60.7,1008.6,1250,797.15,17.15,318.15
422.45,40.5,224.2,1940.2,65.95,1008.8,1250,792,17.35,320
424.35,40.2,224.25,1944.2,64.1,999.95,1237.1,796.9,17.55,320.65
435.65,39.9,241.75,1955.8,66.85,1016.7,1226.4,819.4,17.95,325.65
420.65,40.15,241.2,1982.2,63.35,1021,1225.6,832.15,17.8,326.75
418.25,41.6,228.85,1998.5,58.45,1033.1,1203.6,828.4,17.95,321.8
421.05,40.65,228.9,1977,58.7,1004.6,1206.2,833,17.76,320.45
424.05,39.5,233.8,1963.2,57.65,989.25,1199.9,839.7,17.89,318.4
416.9,39.65,235.85,2000.5,58.75,964.9,1200.4,833.7,18.02,315.7
416.6,38.45,233.7,1993.2,57.85,962.8,1167,833.25,18.53,318.2
416.65,38.7,235.95,1985,58.85,976.3,1177,823.35,18.46,320.25
423.6,39.1,234.75,1974.2,58.2,983.3,1190.9,821.85,17.25,323.7
403.7,39.35,235.25,1979.5,57.2,982.05,1195.9,837.45,16.51,315.7
412.3,39.75,230.15,1999.8,55.65,997.6,1202.3,795.9,17.15,315.15
407.25,40.7,227.05,2011.2,54.05,988.75,1214.5,803.15,16.69,317.65
411.95,40.7,230.8,2089.9,53.3,988.55,1246.1,748.85,16.11,320.1
409.15,41.1,216.8,2120.9,49.05,987.05,1252.9,709.3,15.94,321.3
410.6,41.25,201.7,2176.6,45.85,992.55,1238.4,682.05,15.88,323.1
413.95,42.65,202.65,2239.9,46.6,996.75,1241.5,685,15.43,324.3
416.85,39.9,200.9,2186.4,45.1,1004,1234.8,685.35,15.3,322.6
422.1,37.75,202.05,2107.7,44.15,978.95,1230.8,686.65,15.38,318.1
409.35,37.55,204.15,2092.8,44.8,979.3,1222.8,685.2,15.36,317.35
394.15,38.55,203.15,2102.2,44.4,960.15,1214,681.3,15.18,313.1
394.05,34.2,193,2093.5,43.7,965.75,1218.8,666.7,15.16,310.15
400,33.95,192.95,2095.5,44.1,968.35,1218.5,668.65,15.27,304.9
394.9,33.5,197.3,2098.1,45.25,975.3,1215.8,677.2,15.05,304.4
394.5,33.9,194.7,2117.4,42.05,978,1217.7,669.4,14.95,304.2
392.3,34.15,195.95,2092.3,43.25,972.1,1210,677.8,15.05,303.1
394.35,34.9,198.5,2096,43.65,955.3,1184.8,678.65,14.95,304.85
391.9,35.1,191.5,2080.9,44.05,955.25,1171.2,666.45,15.15,304.95
407.6,35.5,200.7,2088.9,46.4,967.25,1183.8,676.8,15.3,310.5
414,35.55,201.1,2096.7,46.5,964.3,1180.9,680.1,16.1,313.5
425.7,35.8,207.65,2105.4,48.5,969.95,1182,711.95,16.55,309.1
424.05,35.7,214.15,2089.1,50,964.05,1182.3,715.95,16.55,310.65
399.6,36.1,214.8,2086.2,50.3,970,1169.2,709.85,16.8,312
398,36.5,216,2090.6,51.2,969.65,1179,719.65,16.8,316.6
398.7,36.9,210.05,2097.9,51.55,979.55,1188.7,727.35,17.05,310.5
407.05,36.75,215.65,2100.4,52.15,989.65,1183.8,731.35,17,309.55
399.65,37.45,215.8,2100.1,52.7,989.6,1175.1,732.1,17.7,307.85
398.65,37.45,217.55,2104.8,53.85,996.25,1179.4,720.7,17.25,305.15
394.3,37.85,210.25,2107.2,53.3,977.75,1190.1,723.6,17.2,302.35
395.95,38.05,210.55,2084.8,54.85,971.8,1187.9,733.45,17.45,299.95
406.2,38.5,212.25,2106.7,54.4,980.4,1186,743.85,17.95,308.5
403.5,38.8,217.55,2083.8,55.75,978.15,1194,754.85,17.9,310.75
404.4,38.95,211.25,2102.4,55.65,983.8,1183.4,742.8,17.95,310.05
399.9,38.6,207.1,2120.4,54.75,951.95,1170.3,740.6,18.5,310.5
405.05,37.35,207.95,2098.1,56.5,942.9,1157.5,728.4,18.6,310.65
368.25,37.6,208.25,2101.2,56.85,942.95,1158.5,731.7,18.45,306
373.25,37.45,208.3,2110.9,55.8,924.65,1132,727.8,19.1,309.7
375.55,37.5,201.25,2125.6,56.8,915.15,1134.6,731.3,17.15,305.45
373.1,37.6,194.6,2148.1,53.45,922.8,1154.2,715.85,17.25,305.9
392.7,38.5,197.6,2146.1,54.75,926.55,1161.2,756.2,17.25,310.8
399.3,38.1,203.4,2107.6,56.75,944.4,1166,791.85,17.55,317
396.5,38.75,200.55,2070.1,58.2,943.95,1167.8,806.95,17.5,314.35
405.8,39.25,198.35,2079.5,58.8,954.4,1168.5,805.4,17.9,317.45
411.45,39.55,204.55,2079.4,60.7,956,1167.8,818.95,18.05,317.95
409.2,40.1,206.95,2067.7,62,956.8,1161.8,824.25,18.15,317.85
423.45,40.1,205.5,2051.8,61.15,957.25,1146.5,833.4,18.2,318.2
395.1,40.2,202.35,2054.4,59.25,946.3,1135.8,857.3,18.95,318.3
407.65,41.1,205.4,2035.8,61.15,953.2,1133.9,852.35,19.25,320.15
418.85,42.25,208.05,2045.2,63.3,952.75,1128.2,843.3,19.4,320.15
419.1,41.9,210.8,2063.4,64.35,944.15,1142.2,844.3,19.75,320.05
423.1,41.7,210.3,2034,61.8,956.25,1156.2,863.1,19.6,320.8
414.65,38.8,214.8,2012.5,63.2,942.6,1152.2,864.85,19.3,317.9
410.2,38.8,213.65,2022,60.05,948.95,1166.8,837.35,19.75,322.15
372.95,39,211.25,2009.7,62.8,969.4,1186.3,840.95,19.25,324
355.2,39.7,214.55,2015.8,64.4,952.25,1195.5,845.5,19.05,316.9
356.7,39.4,217.05,2029.5,64.4,956.7,1190.1,846.25,18.85,317.2
358.65,38.6,213.35,2026.5,62.9,957.85,1180.8,830.35,18.9,315.55
353.9,40.1,204.6,2015.7,62.95,936.2,1193.7,814,18.55,310.75
354.55,37.75,198.4,2001.2,61.15,926.75,1172.6,810.1,18,305.75
353.4,37.35,193.85,2005.7,57.7,921.35,1152.2,788,18.1,306.05
346.3,37.6,191.95,2015,57.8,924,1130.1,786.6,17.85,304.5
346.95,37.45,191.25,2009.2,57.8,927.65,1120.2,780.65,17.75,305
355.8,38.1,190.75,2004.2,57.75,934.85,1119.2,775.9,17.35,306.1
357.2,37.95,193.45,2018.8,58.4,937.6,1107.2,780,17.55,307.85
347.8,37.3,193.45,2027,57.9,929.5,1113.4,779.45,17.45,307.6
343.55,37.05,186.4,2005,55.2,906,1107,754.4,17.3,302.15
339.3,37.6,188.6,1995.2,54.95,889,1128.2,751.2,17.6,306.2
349.7,37.2,187.8,2013.3,54.5,886.95,1150.7,760.1,17.9,309.65
333.05,37.4,196.8,2013,56.3,884.4,1160.2,792.1,17.65,312.6
341.4,37.05,191.5,2048.6,54,893.15,1137.9,769,17.9,313.05
336,37.9,195.8,2016.4,57.7,901.65,1132.6,813.65,17.75,316.95
320,37.7,197.55,1967,58.5,887.45,1140.9,801.45,18.2,316.75
313,37.6,193.3,1984.5,56.55,901.3,1145,771.8,18,311.65
316.05,37.15,196.4,1991,58.2,847.15,1126.4,782.7,18.15,312
319.9,37.9,194,1986.5,57.8,848.9,1120.8,766.05,17.6,308.9
307.95,38.15,188.15,2007.5,56.3,844.35,1142.7,767.75,17.15,304.5
311,38,183.25,1984.3,54.4,845.5,1136,751.3,17.3,300
308.05,38,186,1978.3,53.75,839.85,1182.5,740.75,17.55,307.15
314.05,37.85,182.4,2010.8,51,852.6,1200.5,727.25,18.05,308.7
328.65,37.6,184.8,2020,53.2,843.4,1183,755.6,19.75,317.05
325.7,38,183.35,1991.8,52,851.3,1216.2,731.25,21,318.65
317.6,38.95,188.1,2003.3,55,858,1224.4,748.7,20.7,323.05
302.5,38.85,189.15,1990.8,54.6,853.55,1209,749.35,20.85,310.65
299,38.25,188.45,1975.2,53.2,848.3,1208.2,726.05,20.9,309.6
300.15,38.7,184.95,1959.7,51.15,844.9,1204.7,723.7,21,310.05
303,39.35,183.75,1990.3,50.65,840.05,1200.2,708.45,21.45,313.65
296.15,39,185.95,2038.8,52.05,841.7,1217.9,720.65,21.45,314.7
287.2,38.55,189.45,2047.8,53,836.55,1219.2,722.7,20.15,320.25
294.2,37.2,186.2,2067.7,50.85,838.3,1229.5,721.4,19.95,324.7
293.9,37.45,184.85,2034.7,51.6,839.4,1219.7,719.2,19.35,324.95
297.5,37.05,181.55,2029.6,51.3,851.45,1225.9,710.55,19.75,327.6
302,37.05,186.9,2050.1,52.25,831.4,1215.2,732.55,19.15,329
292.2,37,182.35,2048.7,52.75,839.2,1183,723.8,19,331.35
295.5,38.2,187.3,2052.1,55.9,834.25,1161.5,745.7,19.55,340.2
296,39.15,186.2,2076.9,56.1,839.15,1133.8,754.1,20.55,336.5
299.45,39.95,182.1,2092.3,56.7,845.3,1128.8,767.95,21.3,336.2
304.55,39.65,190.05,2125.9,58.25,854.15,1122.4,783.7,22,337.9
308.7,41.6,189.75,2134.4,59.75,848.9,1129,797.8,22,331.95
310.15,40.15,181.85,2173.2,58.5,855.45,1127.2,803.7,21.6,331.9
315.45,40.85,187.45,2171.3,61.05,860.5,1117.5,844.2,22.4,336.05
320.15,41,192,2152.3,62.45,854.3,1112.3,865.7,22.8,335.5
315,41.5,186.9,2209,63.1,857.8,1120.2,851.65,21.8,335.7
319.35,42,182.15,2175.8,63.3,858.05,1110.5,839.2,21.35,332.05
319.6,41.75,181.35,2174.6,61.1,845.85,1120.6,834.5,22.25,329.15
329.15,42.65,181.6,2184.6,62.4,837.8,1155.8,848.75,22.4,336.6
333.25,44.35,185.75,2209.9,61.1,848,1161.8,877.5,22.7,341.8
338.6,41.95,186.25,2238.2,60.85,847.25,1120.3,881,22.6,343.3
355.05,39.3,189,2241,60.85,863.6,1150.8,887.4,23.45,343.3
359,40.65,197.3,2219.6,64.45,871.4,1142.7,905.8,24.05,352
360.1,41.15,200.8,2253.9,66.6,871.8,1132.9,920,24.15,350.05
356.8,40.1,200.8,2208,65.9,853.8,1130.4,923.4,24.3,349.1
355.15,39.9,205,2171.4,65.95,848.35,1122.2,928.85,24.15,347.3
352.75,40.95,199.5,2179.2,65.25,840.75,1114,923.5,24.15,339.65
356.1,40,197.85,2175.2,65.25,853.85,1118.7,902.9,24.45,340.45
355.75,41.5,199.5,2183.2,66.4,847.7,1118.5,912.5,24.45,335.65
356.35,39.05,201.7,2213.8,66.75,853.8,1124.2,900.4,24.25,335.95
362.85,36.6,204.2,2210.2,66.9,853.55,1116.7,905.7,24.55,340.6
367.75,35.3,205.5,2257.1,66.4,872.05,1136.6,912.2,25.15,350.2
365.05,36,204.2,2291.7,66.1,880,1157.2,927.9,25.65,345
366.1,35.75,207,2273.8,66.35,845.65,1142.8,931.1,25.8,344.2
367.5,34.8,207.3,2290.8,65.75,835.15,1116,929.7,25.3,345.55
386.65,34.45,201.5,2215,63.8,829.75,1114.3,926.05,26.15,341.2
393,33.55,198.2,2237,62,832.25,1117.3,910.45,26.9,338.35
401.35,33.05,197.85,2204.6,60.45,838.65,1105.4,912.95,27.45,340.05
412.65,33.7,197.3,2183.8,64,845.55,1086.5,924.55,27.25,339.1
420.3,33.45,189.15,2169.9,65.05,842.45,1077.5,913.25,28,347.35
419.6,33.9,196.2,2203.2,68.35,828.4,1085.2,950.05,27.4,349.75
425.25,33.05,193.25,2204.1,66.45,831,1116,944.05,29.2,355.75
432.2,34.1,203.45,2161.6,70.95,822.95,1109.2,975.75,27.65,352.8
424.4,33.6,195.6,2145.2,66.85,824.1,1099.7,958.5,27.4,353.25
394.25,34.2,192.95,2140.2,66.1,823.75,1090.1,927.9,28.25,354.7
328.55,35.3,196.25,2117.8,67.85,830.65,1097,968.05,28.8,359
334.15,35.2,195.95,2081.7,69.2,833.3,1109.5,997.15,30,357.7
339,35.9,205.75,2084.8,73.95,837.05,1107.2,1026.5,29.2,361
330.45,35.75,207.65,2080.8,74.4,833.15,1093.5,975.2,28.25,352.95
326.45,35.75,204.35,2076.3,71.7,835,1059,970.65,27.6,350.45
326.5,36.1,203.75,2074.2,68.05,817,1034.5,956.35,27.15,346.1
329.25,36.15,199.6,2073.4,65.45,816.7,1037.2,931.7,27.2,353.85
333.5,36.05,197.45,2072.8,65.85,821.55,1029.7,932.5,27.85,354.75
326.4,36.45,192.2,2072.3,68,834.1,1034.9,938.95,28.75,355.05
327.7,35.8,203.25,2081.2,71.05,833.55,1039,956.5,29.15,355.3
324.55,34.9,203.85,2081.8,70.45,847.45,1035.3,952.95,29.65,359.75
320.4,35,214.65,2075,72.8,839.3,1049,948.6,26.6,362.05
318.35,34,226.35,2078.2,74.45,824.95,1052.5,956.35,26.3,349.1
309.3,34.7,225.85,2059.1,75,798.6,1060.7,951.6,24.5,342.35
327.4,34.65,215.55,2073.1,68.4,825.5,1057.8,908.7,26.7,355.05
325.9,36.45,226.9,2073.7,74.5,828.25,1027.4,966.2,28,353.15
336.45,37,234.35,2079.3,72.9,828.45,1002.6,1006.1,28.4,354.25
353.1,36.65,238.8,2079.8,73.3,867.35,1012,1026.3,30.6,366.5
353.35,38.5,258.7,2079.9,81.15,862.15,1010.5,1071.5,29.05,371
348.15,39,253.85,2088.2,77.35,889.25,1012.5,1078.3,29.45,368.75
350.15,39.75,249.45,2113,79.55,858.55,1008.2,1053.4,28.95,368.25
345.15,39.65,248.8,2042.8,79.15,850.3,1004.9,1051.5,27.5,359.9
343.4,38.4,234.6,2034.5,78.7,852.6,1007,1014,28.5,362.8
342.85,37.8,230.6,2033,73.85,861.35,1023.8,994.05,30.75,356.75
351.35,38,230.7,2042.2,73.45,866.75,1007.8,1006.3,31.45,351.2
348.25,38.6,232.75,2025.9,76.6,835.75,1021.7,1001,29.75,346.45
350,37.7,235.45,2037.6,72.6,836.65,1020.8,982.1,29.1,344.25
345.95,36.95,228.65,1981.9,68.15,834,1004,984.45,29.95,349.4
351.05,37.5,234.9,1959.9,70.8,842.75,999.95,973.25,29.35,344.8
335.1,37.4,230.3,1963,69.45,853.5,995.95,961.9,29.55,349.05
338.2,37.4,225.85,1929.8,68.1,852.05,999.9,953.5,29.55,346.15
342.55,37.25,217.05,1933.3,70.1,857.6,1000.1,955.55,28,340.55
317.6,37.15,215.9,1931.1,71.05,865.5,980.25,940.3,26.35,333.15
322.95,36.6,205.05,1946.5,66.5,903.55,975.8,955.9,28.55,336.35
323.6,38.15,211.55,1938,70.8,894.45,977.4,971.3,27.25,326.5
318.55,37.1,219.15,1945.5,69.05,884.5,984.15,999.85,26.5,328.95
318.7,35.5,218.8,1956,64.65,871.35,984.95,1003.1,26.05,325.95
325.05,33.95,219.3,1962.2,63.4,874.8,960.65,960.15,24.6,323.85
324.5,34.35,213.95,1967.4,63.95,867.7,967,948.65,22.75,323.6
321.85,35.55,210.45,1976.1,58.55,861.2,962.5,911.1,22.15,321.85
325.1,36.3,201.15,1972.6,54.8,848.55,964.6,902.35,23,324.4
317.1,38.9,198.05,1983,57.95,841,948.65,915.55,22.5,314.15
316.15,39.95,193.55,1959.6,56.75,851.5,941.75,886.15,22.45,315
319.95,40.75,196.6,1951.2,56,828.2,959.3,893,20.65,314.95
305.25,39.8,191.55,1962.9,56.5,827,979.9,901.95,20.5,313.75
296.45,38.65,190.95,1960,56.15,826.6,986.05,879.7,19.65,320.3
282.4,37.95,184.65,1957.3,52.4,815.85,987.5,861.65,18.85,318.9
278.35,36.7,177.85,1955.7,51.65,799.1,984.45,824.65,18.4,319.65
277.75,34,176.6,1952,48.25,805.4,981.35,816.25,18.2,310.9
281.95,33.55,174.75,1958,48,797.5,980.05,815.15,18.3,311.6
282.3,34.3,179.5,1983.2,48.8,781.95,980.3,826.3,18.45,314.1
287.55,33.5,187.1,1980.2,48.15,784.4,991.6,797.6,18.8,315.9
270.35,33.65,191.4,1982.4,49.3,760.9,984.7,803.45,18.1,308.45
